20, 4.3, 1429.9188
20, 3.9, 1122.0363
40, 3.7, 1136.2118
60, 3.45, 1210.9060
80, 3.75, 1036.0902
100, 3.85, 1310.9685
120, 3.95, 1212.7604
140, 3.5, 1572.4708
160, 3.9, 1309.3793
180, 3.55, 1128.6952
200, 3.8, 1473.1685
220, 3.85, 1095.0796
240, 3.85, 1348.3500
260, 3.75, 1114.2263
280, 4.05, 1311.5544
300, 3.65, 1608.0349
320, 4.15, 1264.5540
340, 3.5, 1158.0164
360, 3.95, 1474.2300
380, 3.6, 1113.0148
400, 3.7, 1168.0500
420, 4.15, 1001.8482
440, 4.2, 1106.2991
460, 5.15, 1416.3995
480, 4.1, 924.5270
500, 4.0, 924.9510
520, 4.4, 958.2648
540, 4.05, 993.0242
560, 3.7, 1169.4792
580, 3.8, 1067.3052
600, 3.75, 1044.6321
620, 3.8, 1102.9666
640, 3.5, 1138.4552
660, 4.0, 1032.1694
680, 4.2, 868.5250
700, 4.8, 1187.0648
720, 4.2, 1059.7933
740, 4.05, 1310.2056
760, 4.75, 1435.5537
780, 4.7, 1230.7737
800, 4.15, 1086.2716
820, 4.9, 1468.2421
840, 4.3, 1422.9388
860, 3.95, 1070.3818
880, 3.9, 803.2709
900, 4.45, 977.8978
920, 4.1, 1043.8007
940, 4.7, 1180.5952
960, 4.65, 1059.8662
980, 4.75, 1210.4446
1000, 5.3, 1209.0864
1020, 4.9, 1192.4655
1040, 4.3, 1101.8374
1060, 5.25, 847.7919
1080, 4.8, 942.8115
1100, 4.75, 1082.2550
1120, 4.7, 1059.2224
1140, 4.8, 1232.9579
1160, 4.85, 1067.6617
1180, 4.0, 1137.1052
1200, 4.1, 769.8096
1220, 4.75, 894.5916
1240, 5.35, 1208.0088
1260, 4.2, 1097.0664
1280, 4.6, 1000.2887
1300, 4.95, 924.8251
1320, 4.75, 880.7464
1340, 4.7, 924.1296
1360, 5.1, 1135.0065
1380, 5.0, 1015.5781
1400, 4.35, 898.4836
1420, 5.0, 1004.6887
1440, 4.7, 789.0237
1460, 6.55, 968.2837
1480, 4.0, 1135.6135
1500, 3.95, 1025.9131
1520, 4.35, 1157.7831
1540, 4.35, 805.3666
1560, 4.3, 1353.8044
1580, 5.95, 1064.9178
1600, 6.4, 1065.4548
1620, 5.3, 869.6560
1640, 5.4, 1319.9207
1660, 5.7, 961.6432
1680, 4.8, 855.1463
1700, 6.65, 790.6757
1720, 4.6, 1053.3976
1740, 4.9, 1028.1555
1760, 4.45, 1014.7894
1780, 5.2, 1080.7190
1800, 5.9, 974.4708
1820, 5.2, 890.5000
1840, 4.9, 933.2582
1860, 5.15, 833.7887
1880, 5.25, 1165.2584
1900, 5.7, 1196.7753
1920, 5.85, 940.2169
1940, 6.9, 1100.9600
1960, 7.35, 897.5688
1980, 5.8, 1104.9812
2000, 7.05, 993.2329
2020, 5.95, 787.2999
2040, 7.2, 1142.6216
2060, 7.85, 1093.9452
2080, 6.5, 1105.8181
2100, 5.75, 814.5433
2120, 4.55, 886.1079
2140, 4.5, 685.6637
2160, 4.55, 1110.6836
2180, 6.85, 1277.6221
2200, 4.5, 981.5958
2220, 4.6, 1064.0151
2240, 5.85, 1188.3655
2260, 6.15, 987.8787
2280, 5.55, 813.2567
2300, 5.1, 951.2279
2320, 7.65, 844.1173
2340, 5.6, 781.8804
2360, 7.4, 746.5312
2380, 4.95, 1079.4916
2400, 5.25, 672.5165
2420, 5.1, 907.8031
2440, 6.6, 999.0239
2460, 6.5, 848.0673
2480, 6.35, 696.7245
2500, 7.0, 920.9672
2520, 6.75, 859.7105
2540, 5.2, 936.4916
2560, 5.4, 913.5555
2580, 8.3, 710.8909
2600, 6.0, 664.4458
2620, 7.6, 870.9390
2640, 5.1, 884.5189
2660, 5.9, 1193.9139
2680, 4.8, 707.0836
2700, 6.1, 1004.0104
2720, 6.4, 1018.5378
2740, 6.1, 869.2608
2760, 5.8, 906.0887
2780, 4.2, 652.7803
2800, 6.55, 836.0449
2820, 5.0, 822.7274
2840, 6.85, 893.6395
2860, 5.7, 774.9741
2880, 5.45, 906.7457
2900, 6.15, 781.8674
2920, 6.15, 652.7142
2940, 6.6, 685.0135
2960, 5.8, 877.9131
2980, 5.7, 626.5833
3000, 5.7, 840.8358
3020, 6.7, 760.5432
3040, 6.95, 846.3531
3060, 6.3, 780.2047
3080, 7.8, 667.6744
3100, 4.8, 700.1058
3120, 5.75, 640.2949
3140, 7.7, 672.1153
3160, 5.8, 704.5637
3180, 7.7, 664.8842
3200, 7.65, 513.5891
3220, 6.85, 588.8479
3240, 6.6, 614.3347
3260, 6.3, 691.0752
3280, 6.95, 597.0818
3300, 5.35, 793.0752
3320, 8.15, 744.0414
3340, 5.85, 653.1573
3360, 5.85, 591.6132
3380, 5.75, 499.4785
3400, 7.2, 876.8493
3420, 5.9, 836.4467
3440, 7.65, 434.7898
3460, 6.65, 925.4651
3480, 7.2, 662.7468
3500, 6.2, 758.4254
3520, 6.15, 413.6890
3540, 6.2, 682.6726
3560, 6.2, 411.5388
3580, 7.65, 805.7833
3600, 5.65, 694.1600
3620, 6.85, 656.1916
3640, 7.45, 704.5312
3660, 7.2, 768.6552
3680, 6.4, 859.1538
3700, 6.65, 625.6675
3720, 8.4, 496.8301
3740, 6.7, 787.1811
3760, 6.25, 561.3044
3780, 5.7, 638.2604
3800, 5.8, 841.9518
3820, 7.3, 563.9090
3840, 7.1, 666.6199
3860, 7.9, 590.0444
3880, 7.4, 766.7881
3900, 5.85, 448.9761
3920, 7.3, 777.3896
3940, 7.85, 656.1943
3960, 7.5, 616.9615
3980, 6.95, 310.3513
4000, 7.0, 649.9520
4020, 5.5, 757.4745
4040, 6.85, 498.0950
4060, 6.1, 506.9581
4080, 6.5, 579.9986
4100, 7.0, 487.6042
4120, 7.55, 633.5852
4140, 7.0, 349.9793
4160, 7.0, 507.6143
4180, 5.95, 630.8267
4200, 7.55, 520.3325
4220, 8.9, 420.6763
4240, 8.05, 762.2306
4260, 6.7, 477.3969
4280, 6.15, 497.1778
4300, 7.2, 520.7723
4320, 8.35, 557.8341
4340, 7.65, 888.6614
4360, 9.55, 368.0790
4380, 8.65, 478.6947
4400, 7.8, 564.3372
4420, 6.15, 455.4987
4440, 7.25, 461.4872
4460, 7.2, 575.0435
4480, 6.7, 586.6498
4500, 6.8, 505.2076
4520, 7.3, 408.5700
4540, 6.55, 476.5883
4560, 6.4, 620.3477
4580, 7.1, 441.2068
4600, 6.55, 710.7637
4620, 7.8, 425.8678
4640, 6.7, 577.9844
4660, 8.2, 456.3462
4680, 8.95, 395.1915
4700, 8.3, 464.1664
4720, 7.5, 593.6124
4740, 6.25, 530.3449
4760, 8.2, 525.3498
4780, 8.6, 614.3632
4800, 7.45, 534.1511
4820, 9.0, 332.8944
4840, 7.55, 446.9131
4860, 7.15, 486.3961
4880, 9.05, 425.9231
4900, 9.0, 464.2462
4920, 8.2, 666.0898
4940, 8.4, 345.8851
4960, 8.5, 595.5597
4980, 7.55, 359.3632
5000, 9.05, 578.1982
5020, 10.55, 535.4261
5040, 10.25, 541.2349
5060, 8.6, 406.1368
5080, 7.75, 563.0768
5100, 7.05, 347.7323
5120, 7.9, 583.3696
5140, 9.8, 351.2901
5160, 9.3, 309.7091
5180, 9.1, 358.2542
5200, 10.1, 609.4888
5220, 8.75, 418.0792
5240, 8.65, 403.4188
5260, 8.75, 480.7568
5280, 8.45, 300.9383
5300, 7.7, 468.3919
5320, 7.8, 271.9418
5340, 9.6, 392.6202
5360, 7.0, 462.1212
5380, 7.95, 269.5280
5400, 6.7, 292.9385
5420, 9.0, 592.8513
5440, 6.75, 464.1776
5460, 9.05, 429.2843
5480, 10.25, 424.9730
5500, 9.5, 244.9655
5520, 6.8, 334.1245
5540, 7.6, 466.6464
5560, 7.25, 561.3191
5580, 7.85, 327.8071
5600, 5.3, 479.0744
5620, 7.95, 334.4251
5640, 7.2, 265.3842
5660, 8.75, 496.5626
5680, 9.55, 435.0923
5700, 8.75, 202.3327
5720, 8.2, 238.4446
5740, 7.7, 516.8886
5760, 9.4, 524.8909
5780, 6.7, 406.3878
5800, 8.85, 176.1605
5820, 9.5, 176.2717
5840, 5.55, 412.0944
5860, 9.1, 423.7559
5880, 6.8, 737.5319
5900, 8.8, 556.7320
5920, 6.1, 349.8355
5940, 6.5, 222.8708
5960, 7.85, 355.9003
5980, 8.4, 469.4846
6000, 9.2, 463.3610
6020, 7.55, 363.3017
6040, 7.95, 469.5859
6060, 9.45, 465.4247
6080, 9.95, 453.4486
6100, 9.0, 554.6285
6120, 10.35, 344.2688
6140, 8.9, 313.7568
6160, 11.2, 439.7580
6180, 10.9, 299.0184
6200, 8.75, 430.5433
6220, 10.8, 412.1747
6240, 11.25, 562.2676
6260, 10.2, 316.3734
6280, 8.6, 408.9589
6300, 10.05, 222.2143
6320, 12.5, 251.9400
6340, 8.25, 347.3333
6360, 8.55, 399.5393
6380, 11.2, 482.4730
6400, 10.05, 350.2212
6420, 11.95, 193.6940
6440, 8.9, 375.4229
6460, 10.65, 379.4429
6480, 9.75, 414.4340
6500, 9.15, 240.4537
6520, 9.65, 272.7658
6540, 11.75, 479.9718
6560, 8.15, 398.5120
6580, 7.15, 355.3074
6600, 12.65, 509.9220
6620, 7.65, 443.6280
6640, 11.35, 378.2737
6660, 9.6, 267.9952
6680, 9.25, 553.9252
6700, 9.55, 269.7306
6720, 10.0, 474.1430
6740, 9.4, 246.3599
6760, 12.05, 324.8934
6780, 12.05, 278.1740
6800, 10.4, 410.5980
6820, 9.75, 431.5413
6840, 11.1, 330.1031
6860, 12.2, 438.2293
6880, 11.1, 437.2059
6900, 9.1, 110.8308
6920, 9.65, 324.4619
6940, 10.15, 548.8265
6960, 9.4, 310.5859
6980, 9.7, 486.2115
7000, 10.1, 373.6850
7020, 12.1, 445.4584
7040, 10.6, 178.8784
7060, 10.0, 173.5747
7080, 9.3, 155.8826
7100, 10.0, 246.2424
7120, 10.35, 416.6335
7140, 10.25, 174.0396
7160, 10.3, 310.8631
7180, 10.6, 364.8625
7200, 10.6, 355.8191
7220, 11.25, 358.6064
7240, 8.5, 384.1728
7260, 12.95, 456.9993
7280, 11.6, 195.4083
7300, 10.3, 317.5783
7320, 9.75, 288.5908
7340, 12.5, 383.3707
7360, 12.05, 301.4908
7380, 10.55, 236.4475
7400, 9.55, 279.9705
7420, 10.35, 314.7330
7440, 10.2, 219.2774
7460, 11.65, 577.2443
7480, 8.55, 406.0814
7500, 13.35, 377.2883
7520, 7.05, 232.7673
7540, 9.95, 215.4887
7560, 9.65, 256.8148
7580, 9.9, 475.1994
7600, 9.95, 368.3246
7620, 11.8, 300.0807
7640, 11.15, 300.4293
7660, 10.95, 194.0618
7680, 11.1, 134.4617
7700, 12.0, 313.5205
7720, 9.35, 282.1850
7740, 10.8, 273.6475
7760, 9.1, 274.0703
7780, 12.25, 288.1808
7800, 8.5, 269.4965
7820, 10.25, 556.7347
7840, 9.3, 376.3426
7860, 11.75, 317.6793
7880, 10.0, 226.2725
7900, 10.3, 263.1488
7920, 9.8, 154.8882
7940, 9.0, 474.6041
7960, 12.35, 275.2427
7980, 11.65, 92.0872
8000, 10.65, 228.4622
8020, 9.05, 194.4827
8040, 8.5, 482.2570
8060, 12.5, 359.5653
8080, 10.0, 299.7881
8100, 8.45, 162.9057
8120, 10.9, 187.7463
8140, 8.3, 248.8074
8160, 10.2, 193.4063
8180, 11.3, 316.9065
8200, 12.0, 312.6516
8220, 9.3, 185.8959
8240, 8.75, 183.2602
8260, 10.55, 362.2653
8280, 11.8, 222.3566
8300, 10.3, 223.9539
8320, 9.8, 255.6321
8340, 12.15, 238.3195
8360, 10.45, 296.1389
8380, 8.4, 266.5939
20, 3.2, 2172.9814
40, 4.1, 1728.8837
60, 3.65, 1585.4795
80, 3.8, 1284.5195
100, 3.5, 1472.9480
120, 3.6, 1535.0703
140, 3.9, 1771.2463
160, 3.0, 1658.6102
180, 3.5, 1442.6587
200, 3.95, 1528.3381
220, 3.85, 1298.0773
240, 3.55, 1419.6471
260, 3.85, 1656.9681
280, 3.65, 1283.0641
300, 3.7, 1316.4037
320, 3.35, 1400.6835
340, 3.4, 1232.0594
360, 3.9, 1166.0048
380, 4.2, 1530.4752
400, 3.4, 1341.8177
420, 3.9, 1098.9470
440, 3.85, 997.8818
460, 4.05, 1459.8690
480, 3.3, 1181.0624
500, 3.95, 1093.9976
520, 3.95, 1189.6082
540, 3.95, 1436.8402
560, 4.1, 1598.7083
580, 4.15, 1065.8135
600, 4.3, 1301.1139
620, 3.55, 1240.2872
640, 4.55, 1176.3619
660, 4.05, 1459.0126
680, 3.8, 1104.0007
700, 4.5, 1392.5459
720, 3.7, 1276.2759
740, 3.65, 1206.7773
760, 4.8, 1450.6920
780, 4.55, 1269.8317
800, 4.2, 1198.6494
820, 4.0, 922.3625
840, 4.05, 1432.1951
860, 4.95, 1143.9668
880, 4.65, 1055.1692
900, 4.4, 1076.1946
920, 3.9, 1221.5469
940, 4.0, 1427.0110
960, 3.2, 1173.6215
980, 4.65, 1380.0690
1000, 4.8, 960.2578
1020, 4.35, 1177.2441
1040, 4.05, 1067.8485
1060, 4.65, 1217.3959
1080, 3.3, 1033.0038
1100, 4.2, 921.8708
1120, 4.5, 1067.2474
1140, 4.2, 1260.2024
1160, 5.15, 1238.4934
1180, 4.35, 1027.8789
1200, 3.85, 1319.6398
1220, 4.8, 927.0741
1240, 4.65, 1105.0790
1260, 4.95, 1115.7594
1280, 4.55, 1227.1572
1300, 3.75, 992.2596
1320, 5.4, 1119.4285
1340, 5.3, 1123.5352
1360, 4.65, 1195.2720
1380, 4.25, 883.5714
1400, 4.4, 981.0493
1420, 4.8, 1082.5112
1440, 5.2, 938.4588
1460, 4.75, 1343.7744
1480, 4.55, 1088.0062
1500, 4.5, 1004.2582
1520, 4.45, 979.7572
1540, 4.2, 1009.7345
1560, 4.8, 1204.0273
1580, 5.15, 1108.3486
1600, 5.6, 1065.1610
1620, 4.65, 813.3769
1640, 4.65, 1302.0378
1660, 6.0, 958.3726
1680, 5.7, 824.8760
1700, 4.5, 1157.3147
1720, 4.85, 1295.7701
1740, 6.25, 994.9534
1760, 4.45, 795.3607
1780, 6.15, 1075.4735
1800, 4.35, 947.7787
1820, 5.9, 935.6074
1840, 6.75, 922.6667
1860, 5.45, 958.1549
1880, 5.75, 934.1200
1900, 5.75, 1044.5204
1920, 5.6, 790.5707
1940, 5.75, 1071.6450
1960, 5.25, 893.9708
1980, 5.25, 829.1284
2000, 6.15, 1096.2815
2020, 4.75, 1271.6107
2040, 7.65, 1172.5879
2060, 6.0, 802.8070
2080, 5.6, 1051.0479
2100, 6.1, 921.8775
2120, 5.65, 830.4003
2140, 5.35, 872.9604
2160, 4.85, 1073.3672
2180, 5.65, 996.4266
2200, 5.65, 824.1140
2220, 4.7, 770.1484
2240, 6.35, 842.6827
2260, 5.7, 842.0374
2280, 5.4, 761.9329
2300, 5.05, 899.6863
2320, 5.9, 903.0399
2340, 5.25, 1156.2875
2360, 5.05, 1060.3582
2380, 4.7, 657.3134
2400, 6.1, 900.3473
2420, 8.35, 662.7423
2440, 6.4, 1044.5977
2460, 7.4, 693.7277
2480, 6.0, 1027.8848
2500, 4.95, 870.5192
2520, 7.15, 821.1245
2540, 5.9, 781.1217
2560, 5.7, 725.6187
2580, 7.5, 1077.7495
2600, 5.5, 889.3119
2620, 5.0, 757.8487
2640, 5.45, 770.9099
2660, 7.55, 848.9739
2680, 6.15, 690.1738
2700, 8.25, 851.6571
2720, 8.7, 908.4302
2740, 6.95, 726.5768
2760, 8.4, 844.2635
2780, 6.9, 656.8660
2800, 6.45, 570.8125
2820, 6.5, 692.1691
2840, 6.95, 794.5091
2860, 6.45, 761.0660
2880, 5.0, 551.1962
2900, 4.95, 632.9474
2920, 5.25, 1027.2454
2940, 5.0, 803.1110
2960, 5.0, 752.6362
2980, 5.1, 671.7927
3000, 5.95, 732.6385
3020, 4.7, 946.7137
3040, 5.7, 648.5388
3060, 6.6, 699.4384
3080, 7.0, 888.1738
3100, 8.75, 893.0065
3120, 7.1, 879.9773
3140, 7.2, 689.3255
3160, 7.3, 655.4329
3180, 7.45, 692.1556
3200, 6.45, 685.6118
3220, 6.0, 661.4061
3240, 8.6, 632.6423
3260, 5.45, 592.3080
3280, 5.05, 885.6025
3300, 6.95, 754.8658
3320, 7.35, 623.5002
3340, 6.5, 627.5648
3360, 7.8, 754.6880
3380, 7.7, 565.5301
3400, 7.55, 601.4548
3420, 5.65, 517.1321
3440, 6.4, 556.3170
3460, 6.25, 598.3455
3480, 6.9, 573.7113
3500, 9.55, 857.6274
3520, 7.5, 537.5977
3540, 6.15, 683.1108
3560, 8.5, 686.6502
3580, 6.9, 663.9099
3600, 6.1, 839.6964
3620, 5.95, 434.5069
3640, 7.6, 660.5098
3660, 7.4, 512.0651
3680, 6.9, 389.0128
3700, 7.5, 500.1102
3720, 8.45, 579.9258
3740, 6.35, 529.6161
3760, 8.55, 840.5474
3780, 6.05, 483.6137
3800, 5.25, 720.8837
3820, 7.0, 521.4299
3840, 5.45, 483.7312
3860, 6.95, 525.9053
3880, 5.85, 368.1295
3900, 7.45, 568.0355
3920, 6.0, 309.5738
3940, 5.4, 806.9301
3960, 7.85, 543.3035
3980, 5.95, 673.1570
4000, 7.3, 763.9178
4020, 7.35, 447.2423
4040, 8.3, 521.7130
4060, 9.9, 567.0299
4080, 8.9, 420.2911
4100, 8.8, 586.1105
4120, 9.7, 474.9001
4140, 7.05, 529.6799
4160, 7.4, 443.8405
4180, 7.6, 548.2700
4200, 6.3, 692.6268
4220, 7.15, 523.0281
4240, 6.5, 347.7448
4260, 5.65, 609.1235
4280, 6.8, 197.3075
4300, 6.3, 702.6364
4320, 6.4, 519.4406
4340, 6.45, 469.8760
4360, 4.9, 410.9297
4380, 6.9, 435.9135
4400, 4.8, 510.8079
4420, 5.1, 559.8076
4440, 7.35, 454.7515
4460, 5.6, 568.6714
4480, 7.4, 525.0608
4500, 7.45, 503.4805
4520, 5.7, 251.6336
4540, 7.1, 606.6850
4560, 7.55, 448.3424
4580, 6.45, 546.9241
4600, 7.45, 359.5247
4620, 7.25, 275.7183
4640, 7.15, 604.7034
4660, 7.85, 319.0029
4680, 7.5, 346.3065
4700, 9.0, 493.7777
4720, 5.85, 391.9564
4740, 7.2, 387.1073
4760, 7.05, 347.5950
4780, 7.1, 437.5562
4800, 6.3, 456.9438
4820, 6.3, 481.1120
4840, 6.25, 410.6223
4860, 6.35, 497.7236
4880, 9.65, 391.7274
4900, 4.9, 683.6501
4920, 6.75, 633.1475
4940, 5.25, 441.2689
4960, 6.9, 507.0639
4980, 7.25, 371.0588
5000, 7.15, 281.4044
5020, 7.65, 715.7003
5040, 8.7, 427.0428
5060, 7.9, 495.8857
5080, 10.65, 405.5287
5100, 6.7, 403.9402
5120, 9.6, 401.9237
5140, 9.9, 305.1537
5160, 8.35, 387.5081
5180, 7.75, 471.6286
20, 3.55, 1312.0474
40, 3.65, 1612.7683
60, 4.1, 1141.5046
80, 3.25, 1236.3192
100, 3.85, 1223.7401
120, 4.0, 1533.3971
140, 4.0, 1296.8694
160, 3.95, 1270.2804
180, 3.55, 1285.2095
200, 4.2, 1272.8175
220, 4.2, 1323.2056
240, 3.25, 1537.8467
260, 4.3, 1102.5797
280, 3.8, 1455.8062
300, 3.6, 1127.3561
320, 3.2, 1418.2216
340, 4.05, 1119.3804
360, 4.05, 955.4429
380, 4.4, 1331.8330
400, 3.8, 1089.3971
420, 3.85, 1568.9493
440, 3.85, 1475.9891
460, 3.95, 1130.6199
480, 3.7, 1361.1672
500, 3.6, 1187.5146
520, 3.7, 1280.6433
540, 4.3, 1199.5844
560, 3.9, 1092.1798
580, 4.1, 1462.3483
600, 3.85, 1219.4858
620, 4.15, 1326.4806
640, 3.75, 1492.9291
660, 4.0, 1389.0076
680, 4.15, 1011.1636
700, 4.1, 1138.2474
720, 4.25, 1175.3535
740, 4.15, 1253.6835
760, 4.95, 931.4651
780, 4.35, 739.3088
800, 4.75, 918.1261
820, 4.05, 992.2655
840, 4.15, 1344.4039
860, 4.0, 1360.2535
880, 4.35, 1161.6470
900, 3.85, 1229.0522
920, 4.75, 1169.8069
940, 4.2, 1432.5640
960, 5.1, 795.5554
980, 5.6, 1038.0181
1000, 6.05, 1106.4510
1020, 4.75, 1190.4473
1040, 3.55, 1305.3601
1060, 5.2, 1314.4382
1080, 3.8, 1118.9227
1100, 4.5, 1065.4792
1120, 3.6, 855.1636
1140, 4.5, 979.1893
1160, 5.2, 898.3932
1180, 4.45, 1042.3279
1200, 4.4, 1157.3179
1220, 4.2, 939.9490
1240, 4.15, 1117.3479
1260, 5.25, 1022.5771
1280, 4.65, 1011.6775
1300, 4.25, 1078.5374
1320, 4.45, 821.7446
1340, 5.6, 959.5671
1360, 5.3, 1129.7621
1380, 5.25, 959.0556
1400, 5.2, 922.8678
1420, 6.3, 1172.7094
1440, 4.0, 1451.6862
1460, 4.45, 1187.7607
1480, 6.1, 1093.4180
1500, 5.8, 1200.9690
1520, 5.45, 958.8483
1540, 5.85, 1035.8202
1560, 4.8, 821.3882
1580, 4.25, 1090.7712
1600, 5.25, 915.0710
1620, 5.4, 1063.5504
1640, 5.95, 1149.5297
1660, 5.95, 984.6055
1680, 5.3, 964.7128
1700, 4.85, 883.3896
1720, 4.55, 1155.1838
1740, 4.6, 944.3455
1760, 5.55, 848.8965
1780, 6.25, 991.4735
1800, 5.15, 1034.8572
1820, 5.5, 975.0294
1840, 6.35, 891.8024
1860, 5.5, 1015.3233
1880, 5.85, 1147.4993
1900, 6.15, 973.0152
1920, 4.65, 983.6315
1940, 4.75, 966.6469
1960, 5.45, 921.3325
1980, 4.8, 875.1998
2000, 4.5, 1055.7040
2020, 4.9, 787.1622
2040, 5.3, 918.0994
2060, 4.5, 860.0901
2080, 5.25, 671.0200
2100, 5.6, 1140.5177
2120, 7.25, 1056.7468
2140, 4.7, 1046.5498
2160, 6.6, 786.6439
2180, 5.75, 850.1038
2200, 5.0, 1071.9730
2220, 6.5, 1001.4271
2240, 5.4, 1014.5864
2260, 4.85, 799.1685
2280, 6.3, 982.4132
2300, 5.85, 847.9762
2320, 6.5, 691.5674
2340, 5.9, 947.5302
2360, 6.3, 1127.6173
2380, 5.55, 843.3148
2400, 5.0, 909.5934
2420, 4.9, 685.0947
2440, 5.2, 811.4193
2460, 5.5, 729.5356
2480, 5.6, 994.5792
2500, 5.25, 983.1879
2520, 5.65, 857.5075
2540, 6.3, 988.4963
2560, 5.8, 810.4853
2580, 6.6, 930.7800
2600, 5.55, 674.5687
2620, 5.3, 930.3839
2640, 6.0, 754.7543
2660, 5.25, 844.2172
2680, 6.4, 697.3127
2700, 6.35, 860.8291
2720, 6.7, 849.8547
2740, 6.35, 878.6077
2760, 4.2, 825.3740
2780, 8.4, 926.8247
2800, 5.2, 873.2997
2820, 5.7, 653.9879
2840, 7.8, 853.6345
2860, 6.8, 1003.3068
2880, 6.3, 912.0292
2900, 9.1, 696.2621
2920, 7.8, 828.8073
2940, 4.6, 586.7897
2960, 6.9, 647.3993
2980, 5.7, 874.5599
3000, 5.65, 610.8794
3020, 6.2, 568.0901
3040, 6.25, 581.5240
3060, 7.25, 767.1023
3080, 7.2, 673.4775
3100, 6.45, 690.5104
3120, 7.8, 830.8939
3140, 6.65, 532.8232
3160, 6.2, 476.7395
3180, 5.85, 604.5995
3200, 7.1, 758.8515
3220, 6.05, 965.8723
3240, 8.9, 479.2288
3260, 6.75, 737.7241
3280, 7.8, 554.7904
3300, 9.65, 441.3973
3320, 10.4, 550.9278
3340, 6.6, 694.7353
3360, 7.4, 579.4154
3380, 6.35, 541.7877
3400, 6.35, 631.7268
3420, 8.0, 574.1364
3440, 7.15, 858.1091
3460, 7.3, 480.1566
3480, 7.7, 664.9875
3500, 6.45, 422.2563
3520, 6.5, 463.8552
3540, 5.85, 725.7535
3560, 8.2, 705.6192
3580, 6.55, 687.3768
3600, 8.7, 454.5787
3620, 9.15, 643.7421
3640, 6.1, 796.0504
3660, 5.4, 505.0497
3680, 5.7, 387.2396
3700, 6.5, 563.9269
3720, 7.2, 450.7706
3740, 7.55, 522.3867
3760, 7.15, 348.6406
3780, 7.25, 559.8962
3800, 7.0, 239.6373
3820, 7.7, 432.3083
3840, 7.2, 359.4663
3860, 7.85, 419.3577
3880, 9.35, 507.8314
3900, 8.1, 464.1994
3920, 7.5, 379.2074
3940, 6.75, 611.7199
3960, 9.2, 382.2757
3980, 5.6, 507.8687
4000, 7.8, 629.3771
4020, 5.75, 478.0113
4040, 6.8, 363.0629
4060, 7.25, 434.3948
4080, 7.9, 587.7819
4100, 6.2, 494.0399
4120, 8.05, 575.3421
4140, 8.6, 507.8062
4160, 7.45, 253.2139
4180, 9.45, 400.2012
4200, 8.65, 339.9500
4220, 7.6, 271.5318
4240, 6.15, 510.9616
4260, 5.3, 275.8372
4280, 5.5, 451.1077
4300, 6.0, 419.0052
4320, 7.65, 627.9691
4340, 7.05, 358.5200
4360, 5.7, 490.0020
4380, 7.05, 298.2021
4400, 6.25, 354.0073
4420, 7.85, 421.2390
4440, 5.95, 387.3297
4460, 8.55, 609.3263
4480, 7.05, 474.1046
4500, 7.35, 418.5439
4520, 7.6, 296.7913
4540, 5.6, 377.8711
4560, 10.05, 441.3020
4580, 8.8, 511.8460
4600, 9.25, 441.5992
4620, 8.0, 339.5810
4640, 7.15, 436.3365
4660, 7.45, 426.1775
4680, 7.7, 539.5314
4700, 7.5, 485.3482
4720, 8.65, 352.9931
4740, 10.05, 353.9773
4760, 8.65, 358.6332
20, 3.95, 1011.1943
40, 3.6, 781.0417
60, 3.8, 659.6346
80, 3.3, 470.4594
100, 3.65, 301.4358
120, 3.8, 263.3031
140, 3.7, 377.5229
160, 4.1, 188.4335
180, 4.35, 394.2731
200, 4.1, 252.8293
220, 4.1, 231.0736
240, 4.85, 150.0932
260, 4.8, 272.1345
280, 4.95, 136.5313
300, 4.4, 148.2014
20, 3.95, 821.0239
40, 3.85, 502.7198
60, 4.0, 404.9665
80, 3.7, 362.5352
100, 3.6, 375.6513
120, 3.75, 154.4742
140, 3.65, 275.6660
160, 4.5, 240.6008
180, 3.95, 291.8142
200, 4.7, 151.1535
220, 3.85, 92.4983
240, 3.65, 117.7540
260, 3.65, 201.4825
280, 3.8, 228.2095
300, 3.8, 297.6955
320, 4.15, 135.6741
340, 3.65, 216.0361
360, 4.4, 226.1102
380, 4.4, 185.6577
400, 4.15, 163.1029
420, 4.0, 91.2084
440, 4.45, 135.6340
460, 4.65, 157.8915
480, 4.7, 170.7194
500, 4.45, 203.1080
520, 4.85, 167.1465
540, 4.25, 249.7922
560, 4.85, 121.6180
580, 5.85, 87.7086
600, 4.15, 150.0248
620, 5.25, 196.2974
640, 4.2, 206.5953
660, 4.3, 133.7269
680, 5.85, 162.8896
700, 5.55, 255.7915
720, 5.0, 113.5615
740, 5.15, 146.0845
760, 5.45, 122.7858
780, 4.6, 87.5932
800, 4.55, 109.8834
820, 4.85, 136.1391
840, 5.8, 143.6724
860, 5.1, 101.2021
880, 5.65, 110.4608
900, 5.4, 87.5138
920, 5.3, 77.5686
940, 4.35, 186.0076
960, 4.05, 81.6194
980, 6.2, 197.1977
1000, 5.65, 128.2596
1020, 4.45, 153.9645
1040, 6.05, 133.2253
1060, 6.5, 107.1576
1080, 5.45, 74.8574
1100, 6.45, 85.2667
1120, 6.15, 114.1866
1140, 6.9, 119.9151
1160, 5.75, 213.5235
1180, 6.85, 173.0347
1200, 5.0, 124.5027
1220, 4.8, 101.0053
1240, 7.05, 89.9001
1260, 5.45, 162.8832
1280, 6.15, 131.7591
1300, 5.5, 132.0695
1320, 5.9, 211.0578
1340, 5.75, 244.4792
1360, 5.35, 122.5380
1380, 4.4, 144.1101
1400, 6.2, 130.7033
1420, 6.55, 121.2545
1440, 4.9, 87.8658
1460, 4.45, 79.6600
1480, 5.85, 122.3700
1500, 6.0, 142.2536
1520, 6.7, 62.7130
1540, 5.75, 197.4457
1560, 5.0, 180.3833
1580, 5.6, 163.5207
1600, 7.25, 95.8143
1620, 7.0, 98.6115
1640, 6.2, 112.0481
1660, 6.35, 101.2404
1680, 5.05, 179.0818
1700, 5.95, 84.9525
1720, 5.35, 169.5046
1740, 5.65, 88.8277
1760, 6.4, 121.9367
1780, 4.95, 97.5924
1800, 6.2, 144.4501
1820, 5.3, 179.2712
1840, 5.75, 121.6751
1860, 5.4, 168.4497
1880, 6.95, 85.0292
1900, 5.95, 151.2179
1920, 4.8, 153.3903
1940, 7.15, 72.1281
1960, 4.3, 151.3734
1980, 7.5, 175.1578
2000, 5.7, 142.4308
2020, 5.6, 156.7706
2040, 5.9, 77.0991
2060, 4.75, 195.5565
2080, 6.75, 142.3011
2100, 6.9, 147.9007
2120, 5.65, 117.6836
2140, 5.9, 203.3678
2160, 5.95, 150.7026
2180, 5.45, 147.7170
2200, 5.6, 97.1986
2220, 6.8, 70.2765
2240, 5.05, 132.0812
2260, 5.25, 115.4185
2280, 6.8, 96.8805
2300, 5.55, 143.8478
2320, 5.65, 114.9106
2340, 6.1, 116.4777
2360, 5.25, 117.3869
2380, 4.55, 173.2003
2400, 5.95, 126.3516
2420, 5.5, 93.5251
2440, 6.15, 102.5218
2460, 5.0, 85.1427
2480, 5.9, 150.8716
2500, 5.9, 147.9175
2520, 5.2, 74.4328
2540, 7.9, 119.5950
2560, 6.15, 241.6659
2580, 5.4, 111.4022
2600, 5.75, 88.1085
2620, 5.1, 143.2115
2640, 5.85, 179.7325
2660, 5.05, 170.5652
2680, 5.4, 152.5847
2700, 6.9, 260.8662
2720, 6.0, 116.0185
2740, 5.55, 132.1622
2760, 5.45, 119.8760
2780, 7.3, 95.8162
2800, 6.85, 81.3337
2820, 5.1, 106.9673
2840, 6.3, 124.2610
2860, 6.05, 247.2219
2880, 6.35, 111.7007
2900, 7.05, 140.9267
2920, 5.55, 136.7377
2940, 5.35, 153.9769
2960, 5.1, 114.4200
20, 3.85, 1871.8374
40, 3.15, 1487.9844
60, 3.7, 1374.5021
80, 4.25, 2050.2241
100, 4.0, 1521.8347
120, 4.1, 1065.6786
140, 3.9, 984.3011
160, 3.8, 986.4670
180, 3.85, 667.2186
200, 4.4, 578.6321
220, 4.9, 628.8388
240, 4.2, 520.7609
260, 4.55, 526.8373
280, 4.05, 525.3251
300, 5.25, 594.8285
320, 4.15, 503.6575
340, 5.15, 690.2609
360, 5.15, 616.2187
380, 5.15, 495.6130
400, 5.35, 430.7145
420, 6.0, 408.2754
440, 6.35, 429.2987
460, 5.25, 394.5978
480, 6.35, 420.7225
500, 6.5, 414.0466
520, 5.5, 410.2132
540, 6.05, 375.3379
560, 7.75, 353.0373
580, 5.45, 336.7965
600, 6.4, 342.2016
620, 6.5, 293.8973
640, 8.1, 288.3806
660, 7.45, 275.0221
680, 6.15, 286.6033
700, 7.95, 271.8249
720, 6.45, 208.4350
740, 7.05, 258.2638
760, 5.75, 230.6959
780, 9.2, 250.5972
800, 6.3, 188.6145
820, 8.6, 184.5573
840, 7.3, 191.2173
860, 5.95, 210.6134
880, 7.8, 200.6733
900, 7.05, 162.3750
920, 7.55, 156.6997
940, 8.55, 130.1280
960, 7.15, 166.5623
980, 8.2, 125.4360
1000, 7.5, 189.6644
1020, 7.25, 153.2520
1040, 5.65, 156.9598
1060, 8.3, 152.3282
1080, 8.2, 110.7307
1100, 6.75, 164.1758
1120, 6.75, 266.9536
1140, 7.6, 239.4790
1160, 8.65, 174.2972
1180, 5.75, 255.2036
1200, 9.1, 199.5931
1220, 9.35, 234.4972
1240, 7.4, 184.7705
1260, 7.0, 164.7927
1280, 7.8, 229.7334
20, 3.3, 1429.5745
40, 4.4, 1198.7057
60, 4.2, 3812.1479
80, 4.15, 3135.2273
100, 3.75, 2049.7869
120, 3.25, 1228.5939
140, 4.45, 921.3062
160, 3.35, 711.9514
180, 3.85, 608.1346
200, 4.2, 574.2999
220, 4.3, 404.1358
240, 3.95, 428.1793
260, 4.55, 466.9782
280, 4.45, 439.4314
300, 4.95, 457.7584
320, 3.9, 511.3078
340, 4.35, 581.7027
360, 4.7, 532.4558
380, 4.85, 496.7262
400, 4.5, 472.8029
420, 6.0, 456.6266
440, 5.35, 423.9245
460, 4.9, 386.5305
480, 4.25, 371.6914
500, 6.0, 346.7612
520, 4.4, 309.7226
540, 5.55, 289.6557
560, 5.7, 290.3257
580, 6.65, 274.8691
600, 6.4, 300.8886
620, 4.5, 336.6685
640, 5.35, 340.2560
660, 6.8, 345.0773
680, 7.1, 324.5813
700, 5.0, 356.8144
720, 8.55, 308.7540
740, 7.75, 313.0640
760, 6.4, 286.6647
780, 9.4, 329.0935
800, 7.1, 242.2552
820, 8.4, 278.4305
840, 6.45, 316.1583
860, 7.5, 281.4720
880, 8.25, 284.3931
900, 5.95, 252.0353
920, 6.1, 305.7089
940, 6.7, 300.4750
960, 6.7, 290.9521
980, 7.2, 311.1816
1000, 8.65, 301.7612
1020, 6.3, 185.8656
1040, 6.65, 321.0405
1060, 7.6, 316.9447
1080, 7.45, 295.8726
1100, 7.5, 336.7741
1120, 5.95, 409.8847
1140, 7.25, 412.1031
1160, 5.75, 226.0469
1180, 6.7, 349.7831
1200, 6.95, 348.8065
1220, 6.1, 291.6825
1240, 7.0, 283.3092
1260, 6.4, 271.2633
1280, 5.55, 284.0378
1300, 7.65, 322.3308
1320, 8.15, 278.4081
1340, 6.95, 298.3392
1360, 7.45, 135.1171
1380, 7.8, 276.4984
1400, 7.55, 182.2783
1420, 8.05, 340.1964
1440, 7.05, 295.0202
1460, 7.65, 289.4695
1480, 8.1, 234.5609
1500, 6.45, 274.8619
1520, 7.65, 176.1788
1540, 6.25, 194.6054
1560, 8.8, 240.1687
1580, 6.0, 212.1528
1600, 5.85, 304.8725
1620, 5.7, 197.8130
1640, 5.6, 209.7785
1660, 9.2, 164.0540
1680, 5.5, 191.8212
1700, 6.05, 131.7007
1720, 5.0, 193.9893
1740, 7.45, 163.9099
1760, 7.55, 151.1985
1780, 7.5, 161.5524
1800, 5.85, 188.6472
1820, 6.1, 142.8020
1840, 7.1, 119.4501
1860, 6.8, 110.6045
1880, 5.85, 143.7385
1900, 8.9, 180.9662
1920, 6.4, 151.7647
1940, 8.1, 250.8584
1960, 8.1, 185.6615
1980, 7.6, 117.9245
2000, 6.05, 156.0679
2020, 6.5, 172.2120
2040, 8.15, 251.7928
2060, 6.9, 131.8370
2080, 6.8, 192.5257
2100, 8.4, 129.0593
2120, 8.35, 210.8973
2140, 6.0, 167.5402
2160, 6.9, 95.8303
2180, 7.15, 61.9318
2200, 6.65, 206.3374
2220, 6.7, 141.1966
2240, 8.5, 175.2731
2260, 5.95, 154.0793
2280, 8.75, 141.1342
2300, 6.3, 85.1177
2320, 7.4, 70.6123
2340, 7.25, 96.4407
2360, 6.7, 110.1962
2380, 9.05, 113.9910
2400, 7.45, 128.1245
2420, 7.75, 102.6937
2440, 6.65, 118.7258
2460, 7.55, 114.7887
2480, 6.45, 98.4577
2500, 7.2, 141.0015
2520, 6.4, 95.8428
2540, 8.8, 64.3682
2560, 6.75, 98.0080
2580, 6.45, 97.0094
2600, 6.75, 72.5037
2620, 6.05, 119.4860
2640, 8.2, 124.5604
2660, 8.5, 124.4014
2680, 5.4, 84.9635
2700, 6.95, 138.6584
2720, 8.4, 93.7266
2740, 9.6, 100.2456
2760, 5.35, 131.0955
2780, 7.0, 98.0031
2800, 7.5, 66.1901
2820, 7.85, 115.5269
2840, 6.3, 200.8971
2860, 6.95, 228.8451
2880, 6.3, 123.7922
2900, 8.3, 212.1031
2920, 6.65, 74.3482
2940, 5.95, 125.2345
2960, 7.5, 164.1629
2980, 7.35, 116.6217
3000, 7.75, 77.9574
3020, 8.15, 93.0423
3040, 8.55, 69.4579
3060, 7.55, 110.8826
3080, 7.3, 97.0777
3100, 9.65, 197.7203
3120, 6.25, 163.6381
3140, 7.9, 93.3135
3160, 7.2, 74.1773
3180, 8.4, 90.6629
3200, 7.0, 108.5013
3220, 7.0, 59.2404
3240, 7.75, 68.9715
3260, 8.25, 145.6261
3280, 7.6, 117.3377
3300, 7.9, 197.7475
3320, 7.45, 171.9383
3340, 5.9, 113.1067
3360, 9.15, 96.8901
3380, 9.3, 104.1239
3400, 5.4, 152.2891
3420, 7.0, 94.9749
3440, 6.6, 81.9108
3460, 6.65, 117.5078
3480, 8.15, 125.5448
3500, 7.85, 179.9976
3520, 6.2, 149.0439
3540, 7.95, 73.5018
3560, 7.45, 85.6246
3580, 6.95, 100.0014
3600, 6.6, 87.8247
3620, 7.7, 152.9044
3640, 7.0, 132.7981
3660, 7.75, 210.1969
3680, 5.85, 146.1899
3700, 7.45, 55.5772
3720, 7.95, 81.3735
3740, 6.5, 114.5098
3760, 8.5, 124.0603
3780, 8.85, 94.2012
3800, 7.1, 96.7801
3820, 9.25, 97.1354
3840, 7.9, 110.4579
3860, 7.3, 109.7237
3880, 7.75, 70.7475
3900, 8.25, 84.7839
3920, 7.05, 59.6674
3940, 8.3, 118.0512
3960, 7.85, 121.7079
3980, 6.7, 74.8586
4000, 5.7, 162.9110
4020, 7.1, 100.3691
4040, 7.45, 125.4895
4060, 8.2, 214.7787
4080, 6.65, 100.7783
4100, 6.5, 104.7418
4120, 7.75, 132.8625
4140, 7.5, 85.7264
4160, 7.05, 86.9973
4180, 7.7, 99.1095
4200, 8.35, 104.5816
4220, 7.4, 105.3327
4240, 7.8, 81.7343
4260, 6.75, 76.1554
4280, 8.6, 112.4400
4300, 5.7, 117.1266
4320, 8.55, 84.2066
4340, 7.75, 93.4647
4360, 8.45, 137.4685
4380, 8.55, 76.8758
4400, 7.4, 79.9979
4420, 7.2, 150.5651
4440, 6.45, 174.7384
4460, 7.0, 71.2005
4480, 8.35, 173.1152
4500, 7.8, 90.1389
4520, 8.5, 145.3143
4540, 8.1, 93.0913
4560, 8.2, 138.6872
4580, 5.95, 89.0104
4600, 8.9, 36.9341
4620, 7.9, 89.7660
4640, 6.85, 77.1109
4660, 6.3, 73.9975
4680, 6.55, 124.4489
4700, 7.5, 91.7979
4720, 6.65, 79.0765
4740, 8.1, 102.9238
4760, 8.25, 67.8641
4780, 8.4, 64.2809
4800, 8.1, 92.4442
4820, 6.65, 71.6629
4840, 8.65, 63.6536
4860, 8.9, 82.5377
4880, 7.15, 128.7025
4900, 6.75, 62.5278
4920, 7.55, 57.5295
4940, 6.55, 83.1628
4960, 8.3, 96.6998
4980, 8.45, 64.3850
5000, 8.55, 64.9484
5020, 8.7, 60.8530
5040, 8.7, 157.0802
5060, 5.8, 94.8369
5080, 8.45, 98.3951
5100, 6.9, 155.5984
5120, 8.0, 65.6620
5140, 7.45, 55.9349
5160, 5.8, 109.8409
5180, 7.3, 51.4250
5200, 6.1, 93.0091
5220, 6.55, 94.0969
5240, 7.9, 46.6279
5260, 8.55, 74.5413
5280, 6.1, 49.7727
5300, 5.35, 101.6000
5320, 7.0, 55.9695
5340, 8.9, 53.2772
5360, 7.65, 81.7073
5380, 6.75, 73.3444
5400, 6.6, 84.4464
5420, 7.6, 66.4139
5440, 8.0, 99.7305
5460, 8.35, 79.1447
5480, 7.2, 141.8067
5500, 6.8, 92.1315
5520, 9.4, 142.4370
5540, 8.7, 53.1665
5560, 8.4, 86.0918
5580, 5.25, 90.3671
5600, 9.85, 45.7630
5620, 6.65, 111.1803
5640, 6.65, 50.6717
5660, 8.3, 72.1394
5680, 6.6, 121.0146
5700, 7.25, 51.4863
5720, 7.8, 77.7817
5740, 6.8, 53.7387
5760, 6.95, 73.2809
5780, 7.75, 209.2138
5800, 8.35, 110.3602
5820, 8.85, 56.7108
5840, 6.45, 70.0082
5860, 6.2, 67.2423
5880, 8.5, 149.8485
5900, 7.5, 82.3443
5920, 6.85, 121.3719
5940, 7.0, 97.9737
5960, 6.85, 75.5712
5980, 5.85, 70.5042
6000, 6.9, 47.9242
6020, 6.65, 52.6607
6040, 8.25, 107.8000
6060, 6.1, 117.1143
6080, 7.8, 63.5569
6100, 7.85, 43.9824
6120, 7.85, 76.4941
6140, 7.65, 66.8867
6160, 9.5, 96.0271
6180, 6.35, 69.3614
6200, 7.65, 54.9789
6220, 6.4, 120.6573
6240, 7.85, 75.2626
6260, 8.8, 73.6318
6280, 8.4, 123.0600
6300, 8.25, 78.4286
6320, 8.2, 78.5078
6340, 5.8, 96.9614
6360, 7.8, 53.7847
6380, 8.25, 69.0887
6400, 8.95, 107.2165
6420, 9.05, 54.8175
6440, 7.2, 124.4296
6460, 8.55, 83.1283
6480, 9.1, 61.5920
6500, 9.8, 89.1180
6520, 8.4, 113.3506
6540, 6.95, 65.1734
6560, 9.3, 55.5459
6580, 5.4, 79.7545
6600, 8.35, 83.8213
6620, 6.7, 80.4436
6640, 8.05, 50.1566
6660, 10.65, 50.4316
6680, 7.6, 88.7763
6700, 7.8, 105.4643
6720, 6.65, 91.0554
6740, 7.3, 45.4070
6760, 9.05, 96.2134
6780, 8.2, 105.9787
6800, 6.6, 70.0051
6820, 8.35, 76.8746
6840, 7.3, 111.2861
6860, 8.15, 58.2476
6880, 7.15, 42.5025
6900, 7.8, 67.3219
6920, 7.75, 85.0339
6940, 7.0, 50.9028
6960, 7.85, 62.4242
6980, 6.9, 92.7155
7000, 7.25, 46.7394
7020, 6.85, 76.4082
7040, 10.0, 108.5054
7060, 7.35, 59.3305
7080, 8.6, 84.9936
7100, 7.9, 162.8348
7120, 6.7, 64.7823
7140, 7.45, 62.5546
7160, 6.6, 91.8012
7180, 7.2, 57.7832
7200, 6.95, 80.7801
7220, 7.4, 111.1604
7240, 6.45, 42.8103
7260, 9.95, 105.9552
7280, 9.0, 138.0523
7300, 7.6, 100.9750
7320, 7.3, 78.0077
7340, 7.3, 79.6735
7360, 5.5, 88.0433
7380, 8.0, 97.2540
7400, 7.85, 139.9922
7420, 8.35, 59.8835
7440, 7.35, 79.8908
7460, 8.65, 62.3535
7480, 7.7, 156.0509
7500, 9.4, 156.7599
7520, 7.1, 132.1716
7540, 5.7, 72.4756
7560, 7.55, 62.1869
7580, 7.25, 128.4801
7600, 7.7, 80.7256
7620, 7.0, 116.4180
7640, 8.95, 97.5984
7660, 8.1, 92.7607
7680, 8.0, 44.3415
7700, 8.55, 70.9793
7720, 9.35, 67.1682
7740, 6.65, 90.2443
7760, 8.25, 121.8250
7780, 8.3, 96.4465
7800, 6.05, 54.5700
7820, 7.5, 106.6426
7840, 5.85, 72.8254
7860, 8.35, 84.8191
7880, 8.25, 103.4665
7900, 8.05, 91.6365
7920, 6.8, 66.9531
7940, 7.45, 60.3168
7960, 8.1, 47.6490
7980, 8.2, 64.4327
8000, 5.4, 67.9353
8020, 7.35, 110.8696
8040, 7.75, 57.3023
8060, 6.5, 119.8704
8080, 10.0, 61.2651
8100, 7.95, 71.3215
8120, 7.8, 91.2769
8140, 9.7, 118.2399
8160, 9.05, 115.5669
8180, 6.45, 96.2811
8200, 6.95, 70.9120
8220, 9.0, 140.1005
8240, 7.55, 61.8878
8260, 6.9, 58.3258
8280, 5.85, 68.4080
8300, 9.5, 133.0200
8320, 6.85, 100.1170
8340, 9.85, 39.4528
8360, 7.4, 50.8441
8380, 7.45, 91.3832
8400, 8.9, 113.5524
8420, 7.6, 150.2492
8440, 8.0, 91.2266
8460, 5.65, 80.1330
8480, 8.7, 56.4096
8500, 8.05, 109.1011
8520, 8.4, 75.4808
8540, 7.55, 94.6263
8560, 8.0, 70.9478
8580, 7.55, 132.0414
8600, 6.65, 109.6703
8620, 7.3, 86.3060
8640, 7.3, 66.9898
8660, 8.65, 46.9662
8680, 7.1, 122.8184
8700, 6.85, 54.0213
8720, 8.4, 90.3794
8740, 7.05, 58.5452
8760, 8.4, 112.1585
8780, 7.1, 67.5378
8800, 6.8, 45.1151
8820, 8.5, 42.8419
8840, 5.9, 59.3938
8860, 7.0, 84.3175
8880, 6.85, 128.4986
8900, 9.25, 46.9803
8920, 8.7, 68.8990
8940, 6.75, 88.4340
8960, 8.8, 68.2010
8980, 7.35, 82.4763
9000, 7.0, 164.5711
9020, 7.6, 99.0809
9040, 6.3, 68.0383
9060, 8.5, 59.9236
9080, 7.35, 85.8302
9100, 7.5, 110.2975
9120, 7.7, 65.6773
9140, 5.85, 74.5954
9160, 6.55, 73.6966
9180, 7.55, 59.0638
9200, 8.9, 64.7119
9220, 8.2, 72.8289
9240, 6.55, 61.6311
9260, 8.15, 80.6540
9280, 9.55, 144.3216
9300, 6.85, 130.9495
9320, 9.05, 53.4524
9340, 7.9, 60.3808
9360, 6.95, 69.4808
9380, 7.45, 103.1770
9400, 10.25, 41.0970
9420, 7.5, 71.5591
9440, 6.95, 110.5621
9460, 7.95, 70.8897
9480, 7.35, 64.8911
9500, 5.95, 48.6347
9520, 7.65, 115.9737
9540, 8.85, 90.8255
9560, 7.8, 64.1384
9580, 8.5, 57.6488
9600, 7.45, 57.5061
9620, 7.0, 129.0381
9640, 8.65, 71.2317
9660, 9.95, 65.8749
9680, 7.35, 54.9863
9700, 7.2, 74.2974
9720, 8.3, 111.9456
9740, 8.05, 35.1689
9760, 8.3, 59.1776
9780, 9.55, 68.0012
9800, 8.15, 80.8708
9820, 6.95, 59.9613
9840, 7.15, 72.4700
9860, 7.6, 53.0633
9880, 9.65, 92.0090
9900, 6.7, 48.7205
9920, 7.4, 70.7570
9940, 7.8, 80.1526
9960, 7.5, 49.1168
9980, 7.65, 120.6453
10000, 8.6, 53.3155
10020, 8.6, 69.8729
10040, 7.65, 134.4713
10060, 7.7, 99.5144
10080, 8.6, 100.7779
10100, 10.95, 59.1209
10120, 8.25, 85.0650
10140, 7.95, 140.8076
10160, 7.15, 61.2549
10180, 8.45, 56.2604
10200, 8.3, 48.5510
10220, 5.8, 76.4647
10240, 9.5, 90.3321
10260, 9.3, 42.0500
10280, 6.2, 54.3395
10300, 6.2, 49.0127
10320, 6.3, 80.0374
10340, 7.6, 84.7394
10360, 8.5, 73.4931
10380, 6.8, 49.0265
10400, 7.05, 61.2087
10420, 9.1, 106.2312
10440, 9.15, 85.5612
10460, 8.45, 86.7088
10480, 8.1, 132.3442
10500, 8.4, 123.9875
10520, 7.8, 60.5281
10540, 6.65, 115.2676
10560, 7.75, 138.5529
10580, 7.95, 63.7970
10600, 8.6, 34.7643
10620, 9.5, 94.1713
10640, 7.05, 47.5077
10660, 6.25, 91.6243
10680, 9.75, 152.7567
10700, 6.65, 107.3395
10720, 9.3, 77.7373
10740, 7.9, 44.9079
10760, 8.6, 88.4488
10780, 7.1, 63.3356
10800, 10.75, 86.6203
10820, 9.4, 59.8298
10840, 7.2, 86.4101
10860, 6.9, 93.2947
10880, 7.2, 88.6734
10900, 7.75, 102.3736
10920, 8.55, 118.5288
10940, 8.8, 91.7185
10960, 8.8, 65.3026
10980, 6.85, 89.5009
11000, 7.35, 97.2073
11020, 7.2, 77.0599
11040, 7.95, 181.1997
11060, 8.9, 74.3829
11080, 7.2, 58.6955
11100, 8.3, 59.6772
11120, 6.8, 63.6001
11140, 7.1, 70.5410
11160, 8.65, 69.7197
11180, 7.5, 64.1450
11200, 8.85, 103.1968
11220, 7.9, 66.1892
11240, 6.9, 39.5896
11260, 8.95, 53.4591
11280, 8.65, 73.9628
11300, 6.3, 64.7436
11320, 8.45, 70.4497
11340, 6.55, 86.8468
11360, 7.45, 97.5469
11380, 8.3, 90.8211
11400, 7.15, 59.7157
11420, 9.2, 95.1041
11440, 8.35, 80.9493
11460, 6.15, 45.7817
11480, 6.85, 81.7878
11500, 9.0, 61.1124
11520, 4.7, 102.3099
11540, 8.8, 144.2508
11560, 6.85, 99.1044
11580, 6.2, 53.6667
11600, 6.95, 122.1803
11620, 7.9, 105.0294
11640, 8.7, 74.6848
11660, 5.7, 55.5015
11680, 6.9, 88.8507
11700, 7.45, 43.3722
11720, 7.4, 57.3396
11740, 7.2, 53.9197
11760, 8.75, 74.0526
11780, 6.9, 100.5220
11800, 7.4, 130.8950
11820, 6.95, 92.4758
11840, 6.1, 54.2335
11860, 7.35, 62.2556
11880, 6.45, 114.7755
11900, 6.1, 122.5780
11920, 7.0, 54.5944
11940, 7.5, 45.9743
11960, 10.65, 62.8880
11980, 10.55, 64.1443
12000, 9.35, 67.5056
12020, 8.1, 64.4494
12040, 7.0, 75.0428
12060, 8.7, 71.5124
12080, 7.7, 91.8926
12100, 8.8, 96.9264
12120, 8.4, 56.5199
12140, 6.8, 62.0147
12160, 7.5, 89.3441
12180, 8.05, 102.5040
12200, 8.0, 61.2504
12220, 8.65, 103.9606
12240, 6.85, 43.0004
12260, 8.75, 68.0827
12280, 6.9, 50.5625
12300, 7.7, 105.4776
12320, 7.95, 85.8639
12340, 7.95, 125.0585
12360, 6.95, 89.6332
12380, 9.85, 66.5840
12400, 7.65, 109.0500
12420, 9.35, 53.0602
12440, 7.65, 74.9640
12460, 7.45, 60.0324
12480, 7.45, 82.0381
12500, 8.8, 70.3463
12520, 7.55, 80.1042
12540, 7.15, 91.1173
12560, 7.9, 41.9134
12580, 7.05, 76.6637
12600, 6.45, 40.5160
12620, 8.6, 51.6683
12640, 8.4, 77.3626
12660, 9.7, 91.5323
12680, 6.1, 93.5116
12700, 7.95, 123.9504
12720, 9.95, 62.6983
12740, 7.1, 72.8071
12760, 7.85, 77.2522
12780, 6.55, 83.4561
12800, 7.2, 69.7177
12820, 6.2, 81.0912
12840, 8.45, 54.6183
12860, 6.9, 104.7713
12880, 7.65, 112.6588
12900, 9.1, 82.4943
12920, 6.75, 69.2765
12940, 7.05, 62.9293
12960, 7.5, 82.7492
12980, 6.55, 93.6181
13000, 7.7, 60.8822
13020, 8.25, 63.8508
13040, 7.85, 69.5497
13060, 5.0, 118.1520
13080, 6.6, 62.3555
13100, 6.6, 73.6825
13120, 6.5, 78.7779
13140, 6.35, 101.2213
13160, 7.6, 85.2835
13180, 7.55, 132.6857
13200, 8.4, 89.0538
13220, 8.05, 118.8024
13240, 6.85, 105.1777
13260, 7.9, 62.2715
13280, 10.25, 97.3287
13300, 7.05, 51.5946
13320, 6.8, 82.7783
13340, 8.65, 137.7311
13360, 9.3, 42.5213
13380, 8.55, 65.0682
13400, 7.55, 82.9115
13420, 6.35, 55.5673
13440, 8.45, 57.3219
13460, 6.05, 89.8802
13480, 7.5, 106.1220
13500, 8.4, 48.4573
13520, 8.5, 143.4178
13540, 7.25, 52.9527
13560, 6.75, 68.4040
13580, 9.15, 39.9284
13600, 8.25, 80.4271
13620, 6.65, 94.2592
13640, 8.65, 58.7124
13660, 7.85, 75.7356
13680, 9.15, 58.0914
13700, 8.1, 49.5924
13720, 8.15, 94.2116
13740, 6.35, 43.0924
13760, 7.7, 82.0394
13780, 8.05, 82.8226
13800, 7.3, 67.9698
13820, 7.65, 106.3940
13840, 6.3, 55.2554
13860, 7.7, 64.3792
13880, 9.05, 36.2509
13900, 9.3, 68.7231
13920, 8.15, 38.2792
13940, 8.5, 48.9685
13960, 10.3, 44.7659
13980, 8.35, 45.1218
14000, 7.85, 86.4033
14020, 8.7, 52.6424
14040, 8.8, 110.1848
14060, 5.4, 92.4827
14080, 6.55, 114.9431
14100, 9.25, 66.0798
14120, 9.2, 90.7698
14140, 6.55, 69.1544
14160, 7.65, 69.8013
14180, 7.9, 60.9349
14200, 5.5, 72.9925
14220, 8.95, 49.5282
14240, 8.6, 53.9098
14260, 8.2, 72.4362
14280, 7.1, 73.3912
14300, 8.0, 90.2077
14320, 8.1, 75.5534
14340, 7.5, 56.8819
14360, 7.9, 80.8757
14380, 8.6, 89.9337
14400, 11.0, 109.9131
14420, 6.55, 46.5341
14440, 7.15, 64.5052
14460, 8.25, 87.7802
14480, 8.5, 46.1992
14500, 8.75, 74.2344
14520, 8.35, 43.5892
14540, 7.65, 143.4655
14560, 8.8, 64.4426
14580, 6.0, 64.1855
14600, 8.4, 89.5160
14620, 9.5, 72.7190
14640, 7.55, 46.7552
14660, 7.4, 113.3281
14680, 10.55, 60.6308
14700, 8.75, 46.8071
14720, 6.45, 54.1992
14740, 8.0, 61.2162
14760, 7.95, 90.2784
14780, 7.0, 52.3289
14800, 7.95, 73.4815
14820, 8.35, 67.2766
14840, 5.5, 71.7567
14860, 8.85, 74.8164
14880, 8.2, 79.4690
14900, 8.6, 62.3434
14920, 8.35, 44.9175
14940, 8.3, 128.5965
14960, 9.1, 36.8896
14980, 6.9, 51.8838
15000, 8.7, 108.1798
15020, 6.05, 60.3765
15040, 5.95, 87.4739
15060, 7.9, 83.7406
15080, 8.25, 135.7480
15100, 7.1, 106.3911
15120, 8.4, 70.9697
15140, 9.4, 71.3469
15160, 8.35, 67.1181
15180, 10.75, 46.0092
15200, 8.6, 91.2027
15220, 9.2, 53.1576
15240, 6.9, 54.9605
15260, 7.25, 143.5535
15280, 8.7, 50.5870
15300, 8.05, 36.3189
15320, 7.4, 174.4026
15340, 9.7, 54.9198
15360, 8.3, 45.7529
15380, 5.45, 85.8005
15400, 6.7, 37.8035
15420, 7.95, 61.2215
15440, 7.4, 71.5846
15460, 6.95, 59.6242
15480, 9.9, 60.3226
15500, 9.85, 82.0854
15520, 8.3, 47.9307
15540, 8.2, 57.5431
15560, 8.0, 110.1934
15580, 9.7, 85.7181
15600, 6.9, 87.7761
15620, 7.3, 78.5104
15640, 8.25, 59.3574
15660, 6.25, 60.8926
15680, 6.7, 79.1160
15700, 7.9, 71.2369
15720, 7.85, 65.1609
15740, 7.45, 54.1617
15760, 6.35, 61.5950
15780, 8.1, 50.6946
15800, 8.25, 57.9720
15820, 8.05, 64.4240
15840, 11.0, 75.2918
15860, 7.15, 48.3820
15880, 8.75, 69.6354
15900, 7.15, 79.4734
15920, 6.5, 44.3338
15940, 7.35, 62.1065
15960, 8.9, 50.6641
15980, 6.95, 77.1080
16000, 8.65, 80.0219
16020, 6.45, 75.2547
16040, 8.85, 123.7094
16060, 9.25, 63.5105
16080, 8.8, 52.1082
16100, 8.35, 113.6427
16120, 8.25, 61.7119
16140, 7.8, 52.1560
16160, 6.75, 58.6225
16180, 6.3, 53.4312
16200, 7.9, 73.6005
16220, 7.6, 99.2564
16240, 7.4, 64.5266
16260, 8.2, 86.0525
16280, 6.4, 80.3491
16300, 8.65, 107.8792
16320, 8.85, 79.8952
16340, 7.5, 62.9064
16360, 8.6, 33.7543
16380, 8.85, 102.1153
16400, 10.95, 67.6596
16420, 6.95, 82.5333
16440, 8.55, 63.2482
16460, 7.45, 41.0282
16480, 7.1, 69.1712
16500, 8.55, 106.1156
16520, 5.95, 53.4517
16540, 7.15, 50.9035
16560, 8.55, 109.4124
16580, 8.0, 76.8129
16600, 10.45, 73.4896
16620, 8.4, 45.7809
16640, 8.45, 113.4250
16660, 7.2, 65.0088
16680, 8.95, 60.5665
16700, 7.6, 72.5831
16720, 7.6, 53.5664
16740, 8.0, 44.2264
16760, 10.3, 88.5515
16780, 8.5, 74.9567
16800, 9.3, 88.2011
16820, 9.15, 63.6712
16840, 7.8, 51.8799
16860, 6.3, 48.0108
16880, 10.75, 108.8526
16900, 7.65, 104.3651
16920, 6.4, 68.1587
16940, 9.05, 51.3823
16960, 8.2, 70.0834
16980, 6.4, 69.5110
17000, 10.0, 98.2989
17020, 7.95, 76.0884
17040, 10.05, 86.8180
17060, 9.55, 64.4616
17080, 7.65, 48.7442
17100, 10.0, 82.2128
17120, 7.9, 65.3023
17140, 8.95, 71.6841
17160, 8.05, 59.6036
17180, 6.3, 109.8762
20, 3.5, 1905.9373
40, 3.65, 4403.3579
60, 3.85, 2581.7551
80, 3.7, 1433.4119
20, 3.45, 531.8370
40, 3.35, 2522.3970
60, 3.4, 998.4887
80, 3.6, 1124.7343
100, 4.05, 1993.8419
120, 4.05, 2688.3147
140, 4.5, 1534.6444
160, 4.0, 1169.5690
180, 3.95, 1596.0116
200, 3.45, 1564.0791
220, 4.3, 1218.4753
240, 3.6, 1234.9993
260, 4.55, 1172.1245
280, 4.05, 932.3456
300, 3.8, 856.0391
320, 5.1, 704.1477
340, 4.75, 601.4051
360, 4.75, 483.3018
380, 4.25, 389.6435
400, 5.45, 543.3396
420, 5.5, 485.6486
440, 5.65, 410.5388
460, 5.65, 371.2128
480, 5.45, 325.7702
500, 6.1, 261.7423
520, 5.55, 287.4997
540, 6.8, 326.5125
560, 4.9, 303.9447
580, 4.6, 276.2866
600, 5.9, 283.5494
620, 5.85, 258.3503
640, 5.85, 255.8216
660, 7.35, 224.8644
680, 6.65, 191.6311
700, 6.15, 233.7625
720, 7.15, 187.9059
740, 6.1, 205.7158
760, 7.2, 206.5582
780, 6.25, 259.3548
800, 7.55, 170.2730
820, 6.9, 223.7094
840, 7.5, 195.8960
860, 8.35, 170.1846
880, 7.95, 176.7501
900, 6.1, 191.6278
920, 6.75, 200.2209
940, 7.95, 257.7525
960, 6.7, 128.4304
980, 7.55, 193.2782
1000, 7.6, 217.9763
1020, 5.7, 193.1445
1040, 7.95, 153.2513
1060, 6.0, 130.1126
1080, 5.95, 216.8767
1100, 9.6, 132.4588
1120, 5.4, 185.7057
1140, 6.5, 109.8563
1160, 5.6, 173.5138
1180, 7.0, 214.5888
1200, 6.15, 156.5997
1220, 7.65, 171.1965
1240, 6.65, 169.2478
1260, 7.4, 161.7229
1280, 5.55, 139.7571
1300, 7.25, 149.1593
1320, 5.35, 164.8781
1340, 5.8, 152.9466
1360, 5.85, 131.0838
1380, 7.9, 169.0706
1400, 8.25, 135.1681
1420, 5.9, 146.6386
1440, 8.7, 173.1718
1460, 7.6, 147.2583
1480, 7.2, 137.0992
1500, 7.0, 140.2780
1520, 7.8, 145.9598
1540, 5.65, 170.2467
1560, 7.85, 101.3766
1580, 7.35, 126.1368
1600, 7.6, 85.7392
1620, 7.75, 87.6658
1640, 7.3, 178.6822
1660, 7.65, 120.4656
1680, 7.7, 112.6607
1700, 6.8, 181.7687
1720, 7.7, 120.6329
1740, 6.75, 156.5871
1760, 7.7, 219.9756
1780, 7.65, 168.6913
1800, 10.35, 198.5967
1820, 7.95, 90.8941
1840, 7.6, 148.7792
1860, 7.0, 129.4017
1880, 7.05, 272.3391
1900, 8.25, 138.3300
1920, 8.45, 125.6204
1940, 7.1, 113.8086
1960, 7.35, 145.3005
1980, 7.05, 135.6458
2000, 6.1, 136.2619
2020, 6.25, 116.4827
2040, 6.8, 82.5574
2060, 6.4, 137.4314
2080, 7.6, 100.9409
2100, 7.6, 171.6794
2120, 7.35, 134.8989
2140, 6.3, 146.2052
2160, 6.65, 81.7748
2180, 8.1, 50.2663
2200, 7.7, 152.3612
2220, 8.25, 126.0615
2240, 7.85, 79.1020
2260, 8.45, 131.3767
2280, 7.45, 69.4707
2300, 9.55, 40.8352
2320, 8.65, 73.8220
2340, 8.1, 82.3888
2360, 7.35, 83.4095
2380, 6.65, 130.3708
2400, 7.8, 86.2159
2420, 9.3, 65.0167
2440, 6.55, 113.7527
2460, 6.9, 73.2987
2480, 6.55, 108.3230
2500, 9.55, 84.2642
2520, 6.5, 76.4423
2540, 7.75, 41.3496
2560, 8.2, 156.7248
2580, 6.2, 72.5138
2600, 8.15, 85.7024
2620, 7.1, 75.6308
2640, 6.85, 56.4235
2660, 7.65, 55.9586
2680, 7.7, 120.8118
2700, 5.6, 102.5573
2720, 8.8, 95.4324
2740, 8.85, 82.7777
2760, 6.1, 95.0055
2780, 8.6, 81.3620
2800, 8.65, 63.8380
2820, 9.7, 111.7908
2840, 11.15, 109.8869
2860, 8.25, 50.3548
2880, 9.2, 91.3574
2900, 7.2, 112.4946
2920, 6.8, 39.8108
2940, 6.15, 69.4042
2960, 6.85, 109.7521
2980, 6.75, 61.0614
3000, 7.95, 98.6626
3020, 8.45, 51.7541
3040, 6.9, 85.2894
3060, 7.05, 77.1090
20, 3.8, 219.6145
40, 3.75, 367.9523
60, 3.75, 526.8925
80, 4.05, 488.8761
100, 4.1, 608.3900
120, 3.65, 1322.0105
140, 3.85, 981.0309
160, 3.15, 803.1185
180, 3.6, 698.6115
200, 4.3, 565.5045
220, 4.75, 563.3577
240, 4.0, 555.5223
260, 4.5, 598.7316
280, 4.25, 539.1490
300, 4.45, 501.8183
320, 4.8, 388.7636
340, 5.0, 470.4998
360, 6.2, 436.0876
380, 4.7, 376.5521
400, 3.9, 440.6452
420, 6.35, 344.6269
440, 4.5, 364.1215
460, 4.9, 333.4763
480, 5.6, 345.8233
500, 5.4, 325.3922
520, 5.2, 283.7715
540, 8.25, 272.2177
560, 7.15, 244.6730
580, 8.3, 331.3470
600, 7.8, 294.9440
620, 7.35, 255.1399
640, 7.65, 209.7007
660, 6.75, 172.1577
680, 7.25, 147.0430
700, 6.8, 134.3216
720, 7.1, 165.3798
740, 7.85, 176.2771
760, 7.15, 163.5022
780, 7.15, 166.3937
800, 6.05, 159.9445
820, 7.5, 138.5414
840, 7.15, 121.2280
860, 7.6, 120.0484
880, 7.3, 98.0642
900, 7.95, 100.2792
920, 7.9, 98.3017
940, 6.95, 188.4507
960, 6.15, 109.0148
980, 8.95, 167.5694
1000, 6.6, 153.6500
1020, 7.15, 134.3098
1040, 6.85, 149.7696
1060, 7.4, 203.3198
1080, 7.1, 204.2123
1100, 6.7, 145.2903
1120, 6.9, 185.0447
1140, 6.95, 163.9541
1160, 6.95, 158.9569
1180, 7.3, 93.5100
1200, 8.5, 138.1421
1220, 6.05, 130.5125
1240, 6.0, 97.8249
1260, 6.2, 118.4599
1280, 5.5, 211.6362
1300, 8.45, 306.4855
1320, 8.25, 274.5075
1340, 6.55, 206.5995
1360, 7.0, 99.7151
1380, 6.2, 158.1867
1400, 7.55, 231.3661
1420, 8.15, 164.6370
1440, 6.7, 184.3573
1460, 8.9, 202.8681
1480, 6.1, 97.7165
1500, 6.55, 188.6047
1520, 6.4, 192.4275
1540, 6.85, 150.0395
1560, 9.8, 156.7158
1580, 6.25, 89.4051
1600, 7.75, 89.7676
1620, 8.15, 92.1213
1640, 6.35, 72.5229
1660, 7.0, 93.8825
1680, 7.0, 101.5360
1700, 4.9, 121.7464
1720, 7.2, 126.1586
1740, 6.15, 86.3994
1760, 6.75, 182.5149
1780, 5.6, 150.7724
1800, 7.45, 91.0430
1820, 9.25, 89.8719
1840, 6.45, 199.6435
1860, 8.15, 124.9830
1880, 9.3, 88.8851
1900, 6.55, 123.1317
1920, 8.5, 128.6636
1940, 6.75, 109.1024
1960, 8.05, 159.5855
1980, 6.7, 75.6824
2000, 9.25, 133.1333
2020, 6.8, 53.4072
2040, 7.65, 76.0689
2060, 7.95, 88.7421
2080, 6.9, 80.0674
2100, 10.15, 80.6948
2120, 6.65, 121.4810
2140, 7.85, 117.5489
2160, 7.4, 110.9780
2180, 8.7, 100.9663
2200, 6.55, 156.8625
2220, 8.95, 116.7599
2240, 8.15, 96.8856
2260, 8.65, 85.6152
2280, 7.15, 132.9635
2300, 8.1, 92.3664
2320, 6.75, 75.9042
2340, 7.5, 120.3757
2360, 6.8, 58.8091
2380, 6.75, 76.8401
2400, 7.6, 118.0849
2420, 6.7, 52.1940
2440, 7.55, 65.5687
2460, 8.0, 151.3306
2480, 8.3, 86.9137
2500, 7.5, 64.8825
2520, 7.9, 122.6684
2540, 7.8, 81.3872
2560, 8.05, 72.8570
2580, 7.5, 125.5226
2600, 8.0, 89.6790
2620, 7.05, 45.4402
2640, 7.6, 79.3240
2660, 7.3, 82.1942
2680, 8.9, 106.8792
2700, 7.45, 122.8462
2720, 6.85, 84.7481
2740, 6.55, 109.6649
2760, 6.35, 77.8470
2780, 8.5, 125.7641
2800, 8.35, 113.3774
2820, 8.65, 118.2857
2840, 7.85, 71.8806
2860, 8.4, 69.8792
2880, 7.05, 92.6519
2900, 7.15, 93.8832
2920, 10.25, 76.9905
2940, 8.8, 93.3971
2960, 7.95, 86.5276
2980, 8.35, 96.6085
3000, 8.3, 126.4587
3020, 7.85, 67.9488
20, 3.4, 1378.0681
40, 3.65, 368.1271
60, 3.4, 160.6192
80, 4.2, 294.5350
100, 3.3, 729.6624
120, 4.4, 667.6024
140, 4.25, 662.0649
160, 3.8, 569.0841
180, 4.4, 495.4580
200, 4.5, 439.1965
220, 4.45, 521.9237
240, 3.75, 688.6292
260, 4.2, 615.4839
280, 4.5, 587.5486
300, 5.5, 624.2772
320, 4.55, 497.9583
340, 4.95, 403.9908
360, 3.85, 407.5934
380, 5.7, 383.1319
400, 5.05, 425.7888
420, 5.55, 363.3053
440, 5.6, 348.2564
460, 4.75, 325.0594
480, 6.45, 326.2921
500, 6.55, 309.1930
520, 6.7, 317.9115
540, 7.45, 294.6472
560, 6.6, 278.0647
580, 6.45, 249.6337
600, 5.95, 219.6051
620, 5.1, 195.5087
640, 6.1, 190.7410
660, 6.5, 174.1610
680, 6.9, 164.6959
700, 6.5, 126.2725
720, 6.95, 140.5399
740, 8.15, 149.3527
760, 6.45, 144.9719
780, 10.8, 149.4480
800, 7.15, 138.3787
820, 7.85, 134.7767
840, 6.8, 127.8232
860, 8.5, 120.2945
880, 7.15, 112.0309
900, 6.25, 110.8411
920, 7.8, 162.9646
940, 6.45, 171.8882
960, 6.85, 106.2114
980, 6.45, 171.9264
1000, 8.65, 159.0937
1020, 8.1, 169.5499
1040, 8.5, 132.8670
1060, 7.6, 115.5833
1080, 7.55, 94.5406
1100, 6.35, 152.3412
1120, 6.85, 165.4751
1140, 7.4, 109.7589
1160, 6.7, 174.5171
1180, 8.85, 138.8006
1200, 8.0, 191.5765
1220, 7.95, 151.1121
1240, 9.0, 213.4235
1260, 6.8, 177.9429
1280, 8.4, 289.3701
20, 3.75, 3.7439e-05
40, 4.2, 1198.2816
60, 3.35, 2840.3174
80, 4.25, 2252.7742
100, 4.05, 1677.1586
120, 4.35, 1330.5293
140, 4.05, 1066.4836
160, 4.2, 878.0233
180, 4.6, 779.1378
200, 4.25, 672.9563
220, 3.55, 607.5571
240, 3.85, 527.0803
260, 4.55, 438.9932
280, 4.35, 670.6489
300, 4.85, 631.8069
320, 4.45, 559.9801
340, 4.6, 469.0054
360, 4.9, 410.1315
380, 5.7, 407.6200
400, 4.95, 371.8145
420, 4.55, 427.5851
440, 5.7, 406.3445
460, 5.95, 429.1796
480, 4.75, 429.9636
500, 5.6, 440.6497
520, 7.4, 396.4622
540, 5.5, 375.7982
560, 6.6, 351.9304
580, 6.3, 339.7112
600, 6.85, 314.7338
620, 5.55, 290.3943
640, 6.95, 303.0866
660, 6.0, 269.1003
680, 5.8, 218.7020
700, 6.4, 281.6416
720, 5.3, 172.5582
740, 6.8, 252.8523
760, 6.1, 320.5346
780, 7.7, 354.8472
800, 6.5, 338.8483
820, 5.8, 353.4640
840, 6.6, 305.9796
860, 7.3, 292.4176
880, 7.5, 326.7522
900, 5.9, 300.8434
920, 6.3, 257.6484
940, 6.95, 291.6353
960, 7.6, 322.6769
980, 7.95, 324.3419
1000, 7.9, 264.9773
1020, 5.6, 232.2873
1040, 7.4, 210.0697
1060, 7.65, 265.8349
1080, 5.9, 193.6599
1100, 5.25, 286.2990
1120, 7.3, 315.2621
1140, 7.0, 229.1974
1160, 5.85, 179.9162
1180, 6.1, 243.7842
1200, 5.75, 182.5383
1220, 7.35, 331.9455
1240, 6.7, 244.1218
1260, 4.9, 229.7456
1280, 7.2, 178.4809
1300, 6.05, 275.7891
1320, 7.25, 174.7594
1340, 6.7, 245.5576
1360, 6.65, 146.3788
1380, 6.65, 190.3921
1400, 7.05, 268.8134
1420, 7.55, 123.2310
1440, 7.0, 292.4923
1460, 5.7, 238.2691
1480, 7.15, 133.7493
1500, 7.9, 176.4001
1520, 6.1, 235.3001
1540, 8.0, 151.1216
1560, 7.85, 103.1965
1580, 6.95, 121.1773
1600, 8.1, 153.3019
1620, 5.15, 114.9880
1640, 6.7, 182.8529
1660, 7.3, 134.7815
1680, 5.9, 179.0626
1700, 7.15, 77.0033
1720, 6.9, 145.9271
1740, 5.8, 134.6538
1760, 5.9, 133.4661
1780, 6.0, 163.7179
1800, 8.65, 201.9448
1820, 6.55, 153.8578
1840, 9.05, 135.0912
1860, 7.05, 106.2385
1880, 7.1, 197.6307
1900, 8.15, 102.8100
1920, 8.1, 82.7650
1940, 7.55, 110.6244
1960, 5.55, 199.3998
1980, 8.05, 65.4399
2000, 5.85, 238.0360
2020, 6.05, 96.0504
2040, 8.65, 180.7195
2060, 6.75, 208.7601
2080, 6.95, 123.6534
2100, 7.6, 144.2859
2120, 6.6, 161.9887
2140, 6.25, 96.4823
2160, 6.35, 74.7535
2180, 8.7, 124.7278
2200, 6.3, 129.2051
2220, 7.55, 89.0930
2240, 7.5, 163.7007
2260, 6.75, 100.2682
2280, 6.8, 84.5136
2300, 8.45, 108.2217
2320, 6.55, 146.3378
2340, 7.3, 188.2296
2360, 6.95, 143.4912
2380, 5.8, 203.7217
2400, 7.2, 100.1895
2420, 5.85, 238.3171
2440, 7.7, 134.5303
2460, 7.85, 77.1056
2480, 7.65, 53.6627
2500, 6.7, 94.4421
2520, 6.6, 70.0803
2540, 8.5, 99.8595
2560, 7.0, 181.6775
2580, 7.35, 144.4807
2600, 7.9, 87.6214
2620, 6.4, 70.9091
2640, 7.4, 105.4720
2660, 6.45, 95.7773
2680, 8.05, 113.1247
2700, 5.75, 119.0297
2720, 9.1, 206.7950
2740, 7.45, 162.5430
2760, 9.15, 116.3482
2780, 5.6, 133.9926
2800, 7.35, 47.5556
2820, 6.7, 126.1032
2840, 6.85, 114.1086
2860, 7.1, 126.5548
2880, 7.75, 80.8145
2900, 7.75, 94.1767
2920, 6.05, 215.9174
2940, 8.85, 101.6922
2960, 7.3, 124.5405
2980, 5.15, 149.6797
3000, 7.45, 137.1300
3020, 6.75, 93.6907
3040, 7.0, 85.8331
3060, 6.5, 119.7350
3080, 7.75, 96.7842
3100, 9.0, 79.5402
3120, 6.7, 58.6529
3140, 9.35, 61.7552
3160, 5.9, 67.4866
3180, 8.95, 84.1378
3200, 6.95, 63.3049
3220, 8.35, 99.0333
3240, 6.4, 122.5638
3260, 6.6, 105.4833
3280, 8.7, 104.9780
3300, 7.2, 81.5430
3320, 5.8, 82.2206
3340, 8.45, 117.8920
3360, 6.45, 81.6117
3380, 8.05, 72.4679
3400, 7.2, 94.2687
3420, 6.25, 53.5667
3440, 6.05, 111.6516
3460, 7.35, 57.6559
3480, 6.7, 191.7143
3500, 6.65, 202.9963
3520, 8.5, 103.2818
3540, 6.1, 162.3311
3560, 6.8, 120.7015
3580, 6.8, 110.5604
3600, 7.4, 81.6322
3620, 7.4, 76.3676
3640, 7.95, 112.2234
3660, 7.6, 82.1380
3680, 4.55, 99.6246
3700, 8.9, 96.2515
3720, 9.2, 107.0285
3740, 8.95, 125.5330
3760, 8.05, 62.3439
3780, 9.35, 91.6185
3800, 6.7, 104.5644
3820, 8.65, 107.7657
3840, 8.05, 52.2874
3860, 7.7, 80.3092
3880, 6.65, 68.0613
3900, 6.45, 90.8225
3920, 7.15, 107.0038
3940, 7.6, 88.0037
3960, 5.05, 54.7253
3980, 8.05, 85.9593
4000, 8.3, 119.8614
4020, 6.05, 121.7422
4040, 8.35, 73.4773
4060, 9.1, 125.0339
4080, 9.0, 109.1869
4100, 5.7, 40.0325
4120, 7.9, 64.3380
4140, 7.95, 76.4674
4160, 7.8, 98.9983
4180, 6.6, 71.7348
4200, 8.85, 90.6496
4220, 7.25, 51.9536
4240, 6.85, 86.1348
4260, 9.1, 62.5743
4280, 6.3, 61.6449
4300, 7.6, 55.8815
4320, 8.55, 70.4416
4340, 7.55, 80.5900
4360, 7.3, 58.5014
4380, 7.6, 89.1469
4400, 8.8, 104.5452
4420, 8.1, 131.4845
4440, 9.7, 74.6330
4460, 6.8, 63.1279
4480, 7.6, 53.5592
4500, 7.3, 121.5160
4520, 8.65, 49.6179
4540, 9.4, 132.7632
4560, 7.3, 90.0375
4580, 7.9, 94.3077
4600, 6.75, 129.5166
4620, 6.7, 61.6342
4640, 6.55, 100.8133
4660, 8.0, 64.1994
4680, 5.8, 96.4996
4700, 8.25, 56.5675
4720, 6.75, 144.9623
4740, 8.95, 43.1560
4760, 7.05, 114.8898
4780, 8.25, 152.1784
4800, 7.8, 188.6234
4820, 7.95, 100.7306
4840, 7.05, 50.5567
4860, 7.1, 150.1578
4880, 6.75, 60.3513
4900, 8.9, 69.2844
4920, 8.25, 90.6096
4940, 8.45, 71.6008
4960, 7.8, 78.4171
4980, 7.0, 66.9666
5000, 5.75, 89.1993
5020, 5.75, 173.9132
5040, 6.5, 70.3182
5060, 8.7, 90.1923
5080, 8.95, 94.0536
5100, 6.85, 46.2295
5120, 9.05, 62.6627
5140, 7.25, 65.5198
5160, 8.5, 74.9235
5180, 7.5, 64.0455
5200, 7.0, 51.1388
5220, 8.8, 63.4094
5240, 6.75, 74.0554
5260, 8.2, 87.0693
5280, 6.7, 165.6639
5300, 6.9, 147.5308
5320, 7.1, 108.8042
5340, 7.3, 61.3485
5360, 7.0, 141.5594
5380, 7.2, 51.0757
5400, 8.65, 38.8701
5420, 7.45, 82.6036
5440, 8.2, 63.3105
5460, 6.05, 70.9533
5480, 10.25, 70.9696
5500, 5.9, 113.6208
5520, 5.35, 69.0651
5540, 7.45, 78.1702
5560, 7.8, 53.9130
5580, 8.9, 141.3773
5600, 8.1, 53.5985
5620, 7.5, 88.0310
5640, 8.0, 54.8681
5660, 9.05, 83.0035
5680, 7.95, 57.5975
5700, 8.25, 75.5470
5720, 7.75, 40.4440
5740, 9.2, 94.3076
5760, 7.85, 62.9195
5780, 8.7, 54.7491
5800, 8.15, 61.9023
5820, 8.85, 44.6659
5840, 9.35, 57.2498
5860, 7.5, 89.1775
5880, 8.9, 44.8035
5900, 8.1, 59.6662
5920, 6.3, 42.7639
5940, 7.75, 116.4370
5960, 7.25, 62.7398
5980, 7.95, 73.6319
6000, 8.45, 62.7741
6020, 8.15, 47.1923
6040, 6.2, 80.0321
6060, 7.1, 47.6352
6080, 9.45, 51.2784
6100, 5.45, 72.0709
6120, 8.0, 58.2834
6140, 7.7, 125.0425
6160, 8.55, 220.6476
6180, 6.85, 78.3923
6200, 7.0, 200.2866
6220, 7.7, 59.3061
6240, 7.5, 92.4271
6260, 7.1, 61.0666
6280, 7.85, 79.6413
6300, 8.8, 144.7176
6320, 7.7, 119.7480
6340, 8.95, 91.5152
6360, 6.1, 62.4446
6380, 7.8, 46.1312
6400, 7.1, 106.2791
6420, 7.55, 78.6559
6440, 6.05, 48.0314
6460, 6.55, 100.0302
6480, 6.65, 46.3529
6500, 7.1, 45.8675
6520, 7.2, 86.0378
6540, 8.05, 81.1414
6560, 6.75, 59.0909
6580, 8.05, 115.5976
6600, 7.55, 83.4536
6620, 5.95, 50.3001
6640, 9.5, 180.2006
6660, 8.75, 119.1748
6680, 6.85, 54.9880
6700, 6.65, 57.3129
6720, 9.1, 77.3456
6740, 8.7, 132.5117
6760, 7.85, 91.2486
6780, 7.15, 136.4894
6800, 6.4, 75.5466
6820, 7.95, 78.2928
6840, 7.75, 43.3001
6860, 7.4, 247.8848
6880, 5.85, 51.4084
6900, 7.85, 67.1823
6920, 9.1, 54.7549
6940, 7.85, 97.2808
6960, 8.8, 74.0517
6980, 5.85, 52.4184
7000, 8.75, 40.8793
7020, 10.5, 48.2229
7040, 8.25, 42.6398
7060, 6.4, 70.4124
7080, 7.0, 72.6017
7100, 6.45, 90.4352
7120, 6.35, 51.4755
7140, 8.4, 85.1806
7160, 8.8, 77.6485
7180, 7.0, 154.3685
7200, 7.85, 38.0743
7220, 8.45, 36.2748
7240, 7.65, 77.4611
7260, 6.55, 66.6028
7280, 9.15, 68.7200
7300, 7.55, 61.3788
7320, 5.2, 87.4369
7340, 9.05, 56.6949
7360, 6.75, 150.0037
7380, 10.05, 73.3301
7400, 6.85, 107.2526
7420, 7.55, 58.9286
7440, 6.1, 98.3365
7460, 7.25, 89.0410
7480, 9.1, 43.1504
7500, 6.85, 51.7369
7520, 7.7, 104.5329
7540, 6.05, 69.3348
7560, 8.7, 74.9788
7580, 8.05, 45.8633
7600, 8.6, 82.1182
7620, 8.3, 96.7105
7640, 7.9, 52.5725
7660, 8.05, 51.0843
7680, 7.3, 93.6176
7700, 7.7, 77.0702
7720, 9.4, 59.3327
7740, 7.45, 101.5430
7760, 7.45, 76.1959
7780, 6.85, 126.4746
7800, 7.5, 37.3866
7820, 5.85, 97.3130
7840, 7.05, 61.9139
7860, 6.95, 105.7453
7880, 8.2, 53.5043
7900, 8.45, 58.7606
7920, 7.4, 90.8834
7940, 7.25, 75.9438
7960, 8.1, 50.3776
7980, 8.35, 129.2139
8000, 7.95, 173.7012
8020, 8.7, 47.8059
8040, 7.15, 30.1190
8060, 7.7, 52.7817
8080, 7.2, 43.0025
8100, 8.2, 128.1185
8120, 6.1, 63.6701
8140, 7.05, 78.5470
8160, 6.9, 56.3470
8180, 8.35, 119.4017
8200, 6.55, 27.3278
8220, 6.65, 64.6279
8240, 8.0, 30.4143
8260, 5.7, 93.4739
8280, 7.8, 70.9786
8300, 8.3, 90.8175
8320, 8.3, 57.6390
8340, 8.4, 42.9647
8360, 8.85, 39.8299
8380, 8.9, 52.3354
8400, 7.7, 68.7245
8420, 5.8, 54.5683
8440, 7.25, 43.1303
8460, 7.35, 43.0239
8480, 6.7, 38.5895
8500, 7.4, 108.4035
8520, 6.85, 72.5446
8540, 5.7, 63.9886
8560, 7.55, 53.7960
8580, 8.1, 34.5784
8600, 7.9, 62.8797
8620, 9.4, 73.8378
8640, 8.15, 73.4945
8660, 6.25, 119.4934
8680, 6.0, 53.5288
8700, 7.65, 50.5467
8720, 6.65, 76.3659
8740, 8.6, 80.1096
8760, 7.55, 69.3100
8780, 9.8, 99.6610
8800, 5.7, 73.3708
8820, 10.5, 38.5414
8840, 7.25, 56.3375
8860, 7.35, 84.1026
8880, 8.5, 31.8360
8900, 7.8, 59.7030
8920, 7.05, 50.4319
8940, 7.1, 58.2023
8960, 8.3, 57.7510
8980, 7.75, 152.7448
9000, 8.25, 60.1544
9020, 8.9, 104.8891
9040, 7.6, 70.5426
9060, 7.55, 62.1042
9080, 7.05, 61.8762
9100, 8.7, 83.9719
9120, 9.05, 116.9997
9140, 8.4, 50.0971
9160, 6.05, 31.7346
9180, 6.6, 64.4436
9200, 6.85, 52.1823
9220, 7.1, 118.7273
9240, 8.6, 48.9046
9260, 7.2, 70.0525
9280, 8.25, 43.5264
9300, 10.05, 60.8200
9320, 9.1, 41.2634
9340, 8.6, 42.5802
9360, 8.0, 40.7989
9380, 7.2, 33.8745
9400, 8.15, 57.7667
9420, 6.7, 82.9267
9440, 7.7, 54.8627
9460, 8.8, 76.6755
9480, 6.2, 42.0998
9500, 8.1, 57.9962
9520, 8.45, 41.6157
9540, 6.25, 42.7049
9560, 7.15, 47.5242
9580, 7.1, 30.6627
9600, 8.1, 85.3799
9620, 8.2, 111.6230
9640, 6.45, 67.3080
9660, 5.65, 53.9281
9680, 8.6, 46.6548
9700, 8.7, 83.7826
9720, 7.65, 81.3794
9740, 7.6, 35.8116
9760, 7.65, 61.4313
9780, 8.85, 49.3447
9800, 8.8, 68.1279
9820, 7.1, 71.3370
9840, 7.65, 78.6316
9860, 7.95, 83.0746
9880, 7.0, 58.3907
9900, 7.35, 67.8172
9920, 5.35, 66.0431
9940, 10.3, 51.7179
9960, 9.05, 43.5318
9980, 7.2, 38.6814
10000, 8.35, 30.7669
10020, 8.3, 80.7141
10040, 7.35, 52.4765
10060, 9.15, 55.7406
10080, 8.9, 61.2725
10100, 8.55, 40.1490
10120, 7.25, 55.7198
10140, 9.0, 52.7028
10160, 7.55, 73.1093
10180, 7.4, 34.0633
10200, 7.15, 35.2205
10220, 6.2, 49.1543
10240, 7.35, 45.6418
10260, 8.25, 65.0670
10280, 5.95, 66.1027
10300, 7.25, 120.1074
10320, 7.7, 38.1580
10340, 7.85, 55.2067
10360, 9.0, 64.2573
10380, 6.6, 87.5688
10400, 5.95, 54.0462
10420, 7.95, 109.0228
10440, 6.7, 28.8981
10460, 8.1, 70.6905
10480, 6.6, 43.2735
10500, 7.9, 56.7398
10520, 8.2, 35.0935
10540, 8.55, 72.6697
10560, 9.95, 56.9524
10580, 8.3, 42.6632
10600, 6.75, 77.1422
10620, 8.7, 37.8823
10640, 9.25, 66.8256
10660, 8.9, 78.3591
10680, 8.35, 72.2020
10700, 7.0, 59.3349
10720, 8.0, 41.7624
10740, 7.5, 81.7841
10760, 6.95, 56.4124
10780, 7.15, 42.1212
10800, 9.8, 89.0829
10820, 9.25, 38.8750
10840, 7.6, 46.6776
10860, 9.65, 128.9764
10880, 8.2, 124.8912
10900, 8.0, 63.5992
10920, 7.2, 49.9283
10940, 8.1, 53.6167
10960, 8.8, 208.8158
10980, 8.35, 37.6519
11000, 6.3, 74.3573
11020, 7.05, 34.7354
11040, 6.7, 63.2370
11060, 9.05, 67.8165
11080, 8.75, 51.1365
11100, 8.2, 71.1937
11120, 7.4, 66.7739
11140, 6.55, 32.3414
11160, 8.85, 100.1681
11180, 7.7, 65.0623
11200, 7.85, 94.1343
11220, 6.8, 225.7439
11240, 7.55, 134.6750
11260, 7.05, 117.8628
11280, 7.8, 44.7700
11300, 7.05, 93.2757
11320, 8.35, 126.8939
11340, 7.1, 67.6729
11360, 7.7, 85.2253
11380, 6.2, 78.4499
11400, 7.45, 112.7882
11420, 8.1, 70.7045
11440, 4.95, 30.6961
11460, 7.05, 115.5493
11480, 7.0, 102.4836
11500, 7.05, 54.9441
11520, 6.8, 63.9978
11540, 7.2, 128.1342
11560, 7.3, 61.6147
11580, 6.25, 61.5827
11600, 8.15, 109.3944
11620, 6.0, 86.1824
11640, 8.7, 51.1310
11660, 7.8, 47.8972
11680, 7.25, 64.2275
11700, 9.75, 37.7966
11720, 8.4, 42.4716
11740, 7.15, 101.5623
11760, 6.0, 45.8749
11780, 7.6, 51.2969
11800, 9.75, 49.8956
11820, 6.6, 100.5220
11840, 6.6, 47.8839
11860, 8.5, 156.2600
11880, 8.75, 56.2197
11900, 7.5, 108.8656
11920, 8.25, 63.7081
11940, 7.25, 42.4077
11960, 8.7, 67.2455
11980, 9.6, 64.6939
12000, 6.5, 48.4695
12020, 7.15, 80.1653
12040, 10.05, 47.1704
12060, 8.75, 123.6885
12080, 8.0, 62.8766
12100, 9.1, 84.4014
12120, 6.85, 92.4130
12140, 7.7, 59.7960
12160, 5.9, 43.3276
12180, 8.45, 66.3291
12200, 7.8, 43.9565
12220, 7.8, 75.4274
12240, 10.0, 125.5910
12260, 9.2, 87.0399
12280, 7.45, 76.8367
12300, 7.9, 63.7319
12320, 7.1, 51.4404
12340, 5.5, 69.4272
12360, 6.8, 78.4413
12380, 6.7, 71.1121
12400, 7.4, 267.8499
12420, 7.65, 104.0526
12440, 8.35, 49.3545
12460, 8.35, 53.6472
12480, 7.65, 69.2509
12500, 8.35, 99.9770
12520, 6.85, 37.2436
12540, 9.05, 49.2704
12560, 10.5, 57.4082
12580, 7.05, 84.8303
12600, 6.25, 65.5668
12620, 8.65, 49.1542
12640, 8.55, 103.4210
12660, 7.1, 81.0317
12680, 9.0, 33.4935
12700, 7.8, 66.4887
12720, 7.2, 93.9968
12740, 8.85, 56.9783
12760, 8.05, 55.5384
12780, 7.85, 93.9729
12800, 6.75, 46.2631
12820, 7.65, 71.4674
12840, 7.65, 66.2368
12860, 6.65, 140.0076
