20, 3.55, 1621.2367
40, 3.25, 1587.1508
60, 3.0, 1721.7483
80, 3.4, 1937.3887
100, 4.15, 2011.6293
120, 3.35, 1931.7251
140, 3.6, 1914.2678
160, 3.65, 1538.6654
180, 4.35, 1610.7006
200, 3.9, 1315.6245
220, 3.4, 1830.3000
240, 4.3, 1811.7910
260, 3.95, 1233.6118
280, 3.5, 1676.7976
300, 4.3, 1728.4746
320, 3.65, 1304.5415
340, 4.1, 1495.0061
360, 3.95, 1967.5776
380, 4.2, 1228.4893
400, 4.25, 1496.5078
420, 4.1, 1344.3577
440, 4.4, 1619.8330
460, 3.85, 1116.2057
480, 3.9, 1266.7769
500, 4.4, 1185.1797
520, 4.4, 1394.1301
540, 4.7, 1239.9025
560, 3.55, 1531.1429
580, 4.25, 1828.6797
600, 3.95, 1174.5442
620, 3.95, 1282.6621
640, 5.05, 1180.4124
660, 4.25, 1663.6724
680, 4.3, 1083.2047
700, 5.35, 1014.1970
720, 5.0, 1353.7517
740, 5.0, 1333.7109
760, 4.7, 1139.0680
780, 5.2, 1405.2136
800, 4.6, 1143.0864
820, 4.85, 1067.3445
840, 5.05, 1167.4055
860, 5.5, 1271.8896
880, 4.65, 848.0880
900, 5.5, 1340.5852
920, 5.5, 653.2862
940, 4.25, 1295.4657
960, 4.3, 770.4501
980, 5.35, 1085.0605
1000, 5.15, 1452.5238
1020, 4.85, 1161.4207
1040, 5.35, 1012.6338
1060, 5.4, 1424.9578
1080, 6.0, 1262.1815
1100, 5.25, 1061.4899
1120, 5.65, 775.1328
1140, 5.2, 1389.2473
1160, 6.15, 871.5715
1180, 6.25, 1076.8308
1200, 4.7, 935.8013
1220, 6.45, 981.4518
1240, 6.1, 1270.1398
1260, 5.45, 857.8432
1280, 4.8, 1035.1244
1300, 5.5, 942.5247
1320, 5.6, 1114.2771
1340, 5.7, 877.2154
1360, 5.95, 952.6435
1380, 6.1, 969.2162
1400, 6.75, 1487.2522
1420, 6.15, 1133.2717
1440, 6.45, 708.6302
1460, 5.4, 560.1156
1480, 7.7, 931.2286
1500, 6.15, 811.3243
1520, 7.05, 1181.0724
1540, 7.55, 897.7057
1560, 8.2, 1371.1565
1580, 6.25, 1258.4399
1600, 5.1, 661.7499
1620, 7.45, 1041.4259
1640, 7.95, 775.8843
1660, 8.95, 778.1591
1680, 6.15, 751.8901
1700, 7.55, 940.7278
1720, 6.95, 909.9010
1740, 8.05, 1079.2971
1760, 6.65, 900.2370
1780, 6.75, 985.1249
1800, 7.7, 1207.3806
1820, 9.9, 628.4161
1840, 9.4, 830.3429
1860, 7.45, 659.3892
1880, 6.85, 1296.0905
1900, 6.85, 805.9069
1920, 9.05, 1002.2275
1940, 8.6, 1106.3274
1960, 9.0, 746.6434
1980, 9.4, 825.4341
2000, 10.05, 1102.4503
2020, 9.6, 642.8474
2040, 8.65, 1151.4744
2060, 9.25, 941.0092
2080, 11.15, 730.6862
2100, 8.0, 882.8997
2120, 8.65, 660.1210
2140, 7.7, 716.8397
2160, 9.5, 775.3762
2180, 9.05, 770.3198
2200, 10.1, 855.9038
2220, 10.0, 755.1375
2240, 9.1, 552.1896
2260, 10.35, 660.4264
2280, 9.75, 860.0682
2300, 10.9, 737.4945
2320, 10.75, 739.8759
2340, 10.9, 686.6806
2360, 11.9, 826.1722
2380, 10.85, 669.3220
2400, 10.15, 600.6481
2420, 10.6, 993.4279
2440, 10.0, 637.2857
2460, 11.05, 411.1112
2480, 10.75, 534.2020
2500, 12.5, 693.8865
2520, 11.0, 555.0665
2540, 13.25, 517.2379
2560, 12.7, 665.3997
2580, 8.55, 583.8961
2600, 11.5, 629.2711
2620, 9.15, 679.9060
2640, 10.65, 750.2770
2660, 10.45, 459.0714
2680, 12.85, 692.7295
2700, 14.2, 665.7126
2720, 11.1, 512.3237
2740, 11.8, 336.6200
2760, 13.35, 505.2489
2780, 13.4, 755.6260
2800, 13.85, 585.2301
2820, 17.25, 478.6225
2840, 11.05, 222.7158
2860, 13.7, 518.8679
2880, 11.8, 333.5539
2900, 11.5, 535.3755
2920, 14.05, 252.3849
2940, 15.2, 469.0668
2960, 12.3, 498.1533
2980, 11.9, 396.0929
3000, 9.7, 393.0363
3020, 13.15, 553.2718
3040, 14.4, 389.9935
3060, 14.25, 391.9672
3080, 15.45, 466.6728
3100, 12.05, 304.4317
3120, 12.25, 460.7403
3140, 16.25, 389.8906
3160, 14.05, 443.0934
3180, 13.85, 654.0943
3200, 14.95, 520.1978
3220, 13.75, 229.1659
3240, 12.9, 559.5897
3260, 14.3, 438.3664
3280, 13.8, 384.1363
3300, 12.9, 314.1869
3320, 13.0, 309.5265
3340, 14.3, 372.7451
3360, 13.35, 324.2072
3380, 13.15, 386.4953
3400, 10.7, 459.0449
3420, 12.5, 380.9044
3440, 11.5, 571.4980
3460, 13.55, 453.2523
3480, 12.2, 257.5663
3500, 14.05, 643.6592
3520, 13.55, 163.4395
3540, 16.6, 365.0801
3560, 14.9, 187.9372
3580, 11.65, 168.6983
3600, 11.2, 170.8352
3620, 12.4, 766.9438
3640, 13.0, 360.6176
3660, 14.45, 527.1442
3680, 14.0, 376.6268
3700, 11.5, 240.0084
3720, 14.15, 392.6599
3740, 13.2, 34.2212
3760, 12.8, 296.3227
3780, 13.55, 156.4344
3800, 13.5, 301.5795
3820, 14.05, 237.0000
3840, 13.0, 374.1160
3860, 13.6, 291.3903
3880, 15.85, 363.3151
3900, 13.0, 504.3755
3920, 14.9, 288.2014
3940, 13.1, 373.8073
3960, 12.9, 310.5016
3980, 13.2, 427.7957
4000, 11.95, 455.9364
4020, 16.55, 431.8715
4040, 15.1, 728.1207
4060, 13.95, 438.4835
4080, 13.35, 368.5268
4100, 13.95, 235.5375
4120, 14.9, 428.1791
4140, 15.6, 518.6810
4160, 14.9, 231.5873
4180, 13.4, 154.1550
4200, 12.0, 216.2998
4220, 13.75, 227.6221
4240, 14.15, 631.1212
4260, 12.15, 515.2750
4280, 13.35, 231.4845
4300, 13.45, 432.4910
4320, 14.25, 444.0379
4340, 14.25, 379.9925
4360, 13.9, 142.7494
4380, 10.3, 311.4672
4400, 15.55, 485.4667
4420, 15.1, 514.1194
4440, 14.25, 221.8763
4460, 13.55, 367.4640
4480, 14.95, 294.6927
4500, 13.95, 347.2502
4520, 12.9, 301.0800
4540, 12.35, 557.1338
4560, 11.95, 160.3817
4580, 18.45, 365.0122
4600, 14.25, 500.9440
4620, 14.65, 239.5903
4640, 14.3, 444.1042
4660, 12.75, 428.9212
4680, 14.9, 578.1672
4700, 13.25, 429.1183
4720, 15.4, 303.6705
4740, 14.85, 413.3972
4760, 14.55, 224.5865
4780, 13.2, 233.0678
4800, 13.1, 369.2316
4820, 12.7, 232.3366
4840, 12.15, 233.3022
4860, 16.95, 157.0242
4880, 17.2, 377.8778
4900, 11.95, 590.4988
4920, 14.25, 446.8577
4940, 12.7, 366.7323
4960, 11.65, 103.6782
4980, 15.65, 301.8557
5000, 15.45, 163.1060
5020, 17.65, 216.5801
5040, 14.75, 231.2615
5060, 14.05, 508.3215
5080, 12.85, 446.7465
5100, 16.0, 719.0203
5120, 13.8, 601.5410
5140, 14.2, 508.4208
5160, 11.65, 314.8814
5180, 11.8, 230.1764
5200, 13.35, 103.1664
5220, 14.85, 321.2014
5240, 10.5, 225.9110
5260, 12.9, 309.5409
5280, 15.75, 231.4518
5300, 15.05, 381.7111
5320, 14.95, 298.1366
5340, 14.5, 215.0301
5360, 12.35, 96.6561
5380, 14.4, 301.2878
5400, 14.4, 374.5936
5420, 14.7, 369.1011
5440, 13.65, 298.7194
5460, 15.8, 484.7343
5480, 14.7, 288.5785
5500, 14.35, 227.9895
5520, 14.1, 496.2492
5540, 13.4, 237.3127
5560, 12.05, 18.8270
5580, 14.25, 293.5675
5600, 16.65, 233.6186
5620, 15.35, 374.7397
5640, 14.5, 306.4767
5660, 12.85, 513.3779
5680, 10.75, 437.9751
5700, 14.25, 295.3673
5720, 15.65, 231.4313
5740, 14.6, 378.6393
5760, 14.9, 365.0881
5780, 11.85, 308.6164
5800, 16.85, 308.0721
5820, 14.7, 511.5887
5840, 10.85, 302.8409
5860, 12.5, 511.9309
5880, 14.15, 571.1592
5900, 16.75, 302.0683
5920, 14.5, 494.1392
5940, 14.3, 382.7484
5960, 18.0, 158.9597
5980, 15.95, 302.1177
6000, 14.4, 442.8777
6020, 17.15, 499.5123
6040, 12.4, 158.7332
6060, 12.5, 289.2448
6080, 14.65, 556.7486
6100, 14.4, 302.0327
6120, 15.6, 224.6822
6140, 13.9, 499.4214
6160, 15.05, 352.7666
6180, 14.95, 592.6578
6200, 11.5, 427.6265
6220, 14.1, 386.5085
6240, 14.85, 491.3381
6260, 14.1, 228.5681
6280, 14.2, 832.9238
6300, 15.25, 168.5708
6320, 15.5, 576.7006
6340, 13.4, 163.6492
6360, 17.15, 302.5528
6380, 15.4, 374.5632
6400, 14.75, 282.5271
6420, 13.45, 222.2572
6440, 13.35, 153.4136
6460, 13.15, 289.4135
6480, 14.8, 356.0748
6500, 14.4, 298.3089
6520, 14.2, 297.3681
6540, 15.0, 218.4570
6560, 12.15, 359.5569
6580, 12.35, 233.6197
6600, 12.6, 306.4962
6620, 15.6, 288.5565
6640, 15.7, 512.0320
6660, 14.4, 501.4630
6680, 14.0, 442.4198
6700, 13.6, 489.3221
6720, 15.15, 431.2117
6740, 13.65, 418.6691
6760, 14.05, 301.6827
6780, 10.5, 313.0878
6800, 15.65, 353.5358
6820, 13.35, 375.5184
6840, 16.95, 435.0612
6860, 12.95, 444.6514
6880, 15.4, 441.9137
6900, 12.4, 375.1332
6920, 16.0, 422.6533
6940, 13.45, 705.8492
6960, 14.8, 423.3827
6980, 14.05, 221.7896
7000, 13.3, 385.1152
7020, 11.1, 249.0622
7040, 12.7, 451.5952
7060, 13.15, 164.2843
7080, 14.55, 505.6337
7100, 13.35, 427.1292
7120, 12.85, 298.6204
7140, 11.85, 495.7929
7160, 12.95, 282.2587
7180, 13.9, 556.2355
7200, 12.3, 236.1390
7220, 15.1, 155.7797
7240, 15.3, 579.0977
7260, 13.95, 98.2839
7280, 15.25, 221.6495
7300, 13.05, 443.5290
7320, 14.9, 433.7917
7340, 14.65, 230.9116
7360, 14.15, 238.3643
7380, 13.55, 291.4512
7400, 14.15, 388.5856
7420, 12.3, 92.7577
7440, 13.85, 562.5632
7460, 14.6, 95.9624
7480, 15.3, 295.6083
7500, 13.1, 544.3230
7520, 13.8, 89.5800
7540, 14.35, 587.2250
7560, 17.5, 371.9088
7580, 18.3, 225.8345
7600, 18.05, 161.7014
7620, 14.55, 804.9227
7640, 14.4, 362.2261
7660, 13.9, 297.2407
7680, 14.7, 165.8824
7700, 16.2, 521.8499
7720, 14.15, 150.0478
7740, 13.3, 292.9493
7760, 14.1, 865.0159
7780, 14.0, 429.7474
7800, 14.15, 371.5215
7820, 12.55, 231.5242
7840, 18.3, 86.0227
7860, 17.25, 423.6262
7880, 14.25, 447.8022
7900, 18.0, 221.4901
7920, 14.25, 589.6237
7940, 12.65, 139.8420
7960, 15.6, 299.8001
7980, 14.75, 298.8077
8000, 15.0, 215.7800
8020, 14.25, 163.1738
8040, 15.15, 431.6150
8060, 18.45, 377.3629
8080, 13.35, 296.7211
8100, 14.2, 437.1968
8120, 15.3, 223.1087
8140, 14.0, 213.6416
8160, 13.4, 353.4221
8180, 13.55, 303.7047
8200, 17.25, 648.8476
8220, 15.25, 93.8880
8240, 11.85, 235.1317
8260, 14.95, 221.4112
8280, 12.15, 563.5988
8300, 14.95, 371.8623
8320, 12.8, 508.7055
8340, 11.5, 227.3577
8360, 16.35, 373.5634
8380, 12.65, 589.6560
8400, 15.5, 582.7467
8420, 16.75, 233.2552
8440, 13.05, 90.4151
8460, 14.75, 232.1973
8480, 13.35, 164.5571
8500, 13.5, 231.7644
8520, 17.75, 377.6711
8540, 13.75, 228.5719
8560, 12.7, 519.8224
8580, 11.2, 283.0778
8600, 12.4, 154.3514
8620, 13.45, 288.3777
8640, 13.65, 97.4993
8660, 14.8, 280.3755
8680, 11.5, 361.1362
8700, 11.85, 304.6447
8720, 13.35, 162.6397
8740, 13.55, 450.9859
8760, 13.95, 295.7725
8780, 16.5, 498.1208
8800, 14.7, 805.1898
8820, 11.3, 300.2881
8840, 11.65, 387.5540
20, 3.35, 2105.5254
40, 3.75, 1550.7643
60, 3.1, 1768.3839
80, 3.15, 1685.9027
100, 3.2, 1700.0864
120, 3.55, 1566.4695
140, 3.2, 1388.8567
160, 3.95, 1925.7716
180, 3.5, 1629.1359
200, 3.75, 1417.9430
220, 4.0, 1078.0017
240, 3.5, 1509.7704
260, 3.65, 1146.3491
280, 4.25, 1455.3992
300, 3.75, 1123.3496
320, 3.7, 1200.7406
340, 4.1, 1267.6816
360, 4.55, 1231.4740
380, 3.6, 999.5656
400, 4.15, 1361.8965
420, 3.25, 1162.3813
440, 3.8, 1534.9602
460, 3.6, 1417.0920
480, 3.75, 1208.1490
500, 4.6, 1016.5545
520, 4.05, 1172.4237
540, 4.1, 1179.7590
560, 4.1, 1000.6194
580, 4.5, 1052.0956
600, 5.05, 695.1253
620, 4.55, 961.6180
640, 4.3, 943.4014
660, 4.35, 866.1870
680, 4.7, 971.0424
700, 5.85, 1535.2834
720, 4.4, 786.5566
740, 4.95, 976.9277
760, 3.4, 731.9191
780, 4.05, 837.9073
800, 5.05, 869.7700
820, 6.25, 655.4312
840, 5.1, 782.6057
860, 4.15, 671.3726
880, 5.0, 680.1282
900, 5.4, 653.5248
920, 5.1, 707.1722
940, 4.65, 624.0267
960, 4.55, 768.8444
980, 6.75, 602.5882
1000, 5.5, 499.1866
1020, 6.05, 716.2411
1040, 5.75, 454.5004
1060, 5.9, 470.9312
1080, 5.3, 524.0263
1100, 5.9, 635.6116
1120, 6.35, 630.2209
1140, 6.2, 395.1924
1160, 5.75, 546.3592
1180, 5.35, 586.6488
1200, 6.75, 645.3455
1220, 6.4, 455.4469
1240, 6.3, 499.8205
1260, 6.35, 517.0015
1280, 6.1, 472.8990
1300, 7.3, 488.9763
1320, 4.9, 451.0317
20, 3.25, 1030.0065
40, 3.6, 763.8732
60, 3.45, 872.7957
80, 3.4, 822.7878
100, 3.6, 669.7360
120, 4.6, 882.4731
140, 3.25, 622.9890
160, 4.0, 610.8701
180, 3.55, 700.7672
200, 2.95, 647.7258
220, 3.3, 490.7338
240, 3.1, 738.3140
260, 3.55, 695.9445
280, 4.5, 566.2578
300, 3.4, 603.8445
320, 4.15, 485.0533
340, 4.25, 561.4702
360, 3.85, 601.2113
380, 4.8, 562.6591
400, 4.15, 461.8931
420, 4.1, 565.8126
440, 3.55, 531.5199
460, 4.9, 432.6967
480, 4.4, 494.9843
500, 3.75, 580.6699
520, 4.5, 432.0786
540, 4.45, 527.9027
560, 4.4, 391.7745
580, 3.95, 510.3768
600, 4.3, 457.1989
620, 4.25, 642.4659
640, 4.3, 613.4736
660, 4.9, 477.1364
680, 4.1, 473.0645
700, 4.95, 510.3737
720, 5.4, 419.8539
740, 4.5, 467.8811
760, 4.35, 414.8104
780, 5.35, 400.3825
800, 4.85, 381.1556
820, 4.65, 550.3027
840, 5.5, 378.7725
860, 5.0, 433.3035
880, 5.5, 374.1276
900, 5.15, 332.2703
920, 6.15, 456.9213
940, 4.8, 518.5133
960, 5.95, 373.0002
980, 4.05, 375.0070
1000, 5.15, 312.5604
1020, 5.95, 257.5632
1040, 6.6, 444.8840
1060, 5.9, 376.9784
1080, 5.1, 364.9741
1100, 5.45, 423.2861
1120, 5.05, 338.3526
1140, 5.6, 317.3242
1160, 7.3, 399.7496
1180, 6.75, 383.5233
1200, 5.45, 345.5965
1220, 7.25, 369.1257
1240, 7.05, 321.9445
1260, 5.85, 325.3560
1280, 5.45, 304.8182
1300, 7.9, 345.6955
1320, 5.45, 306.1613
1340, 8.0, 323.2205
1360, 7.45, 291.1757
1380, 6.4, 303.0305
1400, 8.3, 395.0029
1420, 7.25, 241.3424
1440, 6.8, 199.2113
1460, 7.2, 477.0295
1480, 8.05, 278.3857
1500, 8.6, 330.8665
1520, 10.45, 277.1030
1540, 9.3, 368.5288
1560, 9.0, 480.0924
1580, 9.0, 231.3058
1600, 8.1, 303.5099
1620, 7.75, 322.5018
1640, 8.95, 220.3841
1660, 8.6, 236.5557
1680, 8.8, 273.0802
1700, 7.7, 337.6523
1720, 9.2, 345.6092
1740, 8.0, 298.3630
1760, 9.2, 273.8460
1780, 8.75, 277.2395
1800, 8.8, 310.0380
1820, 10.9, 280.5467
1840, 10.75, 272.8866
1860, 9.15, 279.8845
1880, 10.3, 250.5401
1900, 8.35, 347.9381
1920, 8.2, 287.2056
1940, 9.05, 178.1608
1960, 9.75, 358.1039
1980, 7.45, 304.9524
2000, 8.7, 282.2011
2020, 9.85, 201.6219
2040, 12.8, 254.8572
2060, 11.45, 193.3441
2080, 10.9, 221.6824
2100, 9.85, 246.5485
2120, 9.45, 348.7206
2140, 10.55, 196.3799
2160, 9.75, 303.6038
2180, 11.5, 426.1581
2200, 10.15, 368.1872
2220, 10.8, 282.3011
2240, 12.0, 298.8803
2260, 12.2, 339.9441
2280, 9.55, 215.4591
2300, 10.95, 238.5309
2320, 12.85, 291.4933
2340, 12.9, 307.0029
2360, 11.95, 287.6195
2380, 10.55, 300.4366
2400, 13.6, 234.6835
2420, 12.5, 316.1297
2440, 13.4, 199.4964
2460, 13.2, 179.9725
2480, 10.65, 316.7834
2500, 12.4, 410.1562
2520, 13.15, 254.8216
2540, 10.95, 333.6412
2560, 14.9, 346.9387
2580, 11.0, 202.4030
2600, 10.95, 260.9614
2620, 13.1, 279.4476
2640, 13.9, 396.7470
2660, 11.95, 181.4535
2680, 10.65, 372.6588
2700, 10.35, 278.4950
2720, 16.1, 296.1149
2740, 12.7, 247.5090
2760, 14.9, 290.1678
2780, 12.15, 268.8240
2800, 15.75, 292.3856
2820, 14.7, 242.5131
2840, 13.45, 262.1251
2860, 13.9, 162.7964
2880, 13.3, 219.2277
2900, 11.55, 214.2993
2920, 15.25, 194.1030
2940, 13.95, 141.6984
2960, 15.55, 169.4453
2980, 16.15, 237.0408
3000, 14.6, 286.2325
3020, 14.8, 202.5106
3040, 15.95, 251.1255
3060, 16.35, 224.8795
3080, 16.2, 294.2548
3100, 14.75, 266.2094
3120, 14.0, 199.3548
3140, 12.35, 238.9255
3160, 14.65, 125.6123
3180, 12.95, 249.2692
3200, 13.8, 337.4284
3220, 12.6, 211.8367
3240, 16.8, 312.8569
3260, 14.45, 309.6689
3280, 14.75, 290.2077
3300, 13.75, 297.7844
3320, 10.3, 263.2103
3340, 12.2, 90.3176
3360, 15.1, 209.1002
3380, 11.85, 233.3604
3400, 13.35, 244.6115
3420, 11.8, 391.6672
3440, 14.05, 351.6615
3460, 13.4, 191.2022
3480, 14.8, 149.1425
3500, 11.45, 200.3749
3520, 14.6, 300.0559
3540, 14.0, 185.8801
3560, 13.9, 220.0711
3580, 15.4, 390.1134
3600, 14.45, 214.1186
3620, 14.7, 190.4015
3640, 15.1, 289.0422
3660, 14.95, 214.1980
3680, 15.55, 168.1819
3700, 17.3, 166.6005
3720, 13.5, 391.2100
3740, 14.4, 238.6846
3760, 15.85, 152.0098
3780, 14.8, 315.3178
3800, 13.95, 164.1337
3820, 13.8, 178.1335
3840, 15.2, 161.4735
3860, 11.8, 169.0163
3880, 14.4, 163.8729
3900, 14.05, 245.9503
3920, 15.05, 177.6251
3940, 12.3, 180.2587
3960, 15.55, 188.1903
3980, 16.6, 256.5867
4000, 16.5, 206.0757
4020, 12.65, 287.0307
4040, 13.95, 375.8150
4060, 13.5, 171.5598
4080, 14.65, 266.8786
4100, 11.15, 320.9607
4120, 12.6, 70.2454
4140, 12.45, 247.2457
4160, 13.45, 199.7562
4180, 12.15, 303.6428
4200, 13.8, 224.4856
4220, 14.25, 277.4740
4240, 16.95, 143.0976
4260, 15.8, 196.8300
4280, 15.5, 90.6953
4300, 16.6, 315.9250
4320, 12.8, 386.0075
4340, 15.75, 346.9970
4360, 13.55, 263.9890
4380, 17.1, 337.4066
4400, 17.4, 82.4269
4420, 12.3, 74.9731
4440, 16.1, 73.8867
4460, 17.65, 134.2748
4480, 11.65, 101.0770
4500, 14.95, 306.5934
4520, 16.3, 303.9076
4540, 15.95, 265.6497
4560, 14.3, 400.7195
4580, 13.7, 259.0403
4600, 15.7, 325.4630
4620, 13.7, 182.2964
4640, 14.05, 294.4746
4660, 15.75, 279.4750
4680, 14.35, 300.9890
4700, 15.25, 103.5308
4720, 14.2, 295.3624
4740, 11.3, 173.0912
4760, 14.4, 343.7058
4780, 17.75, 192.0279
4800, 17.6, 278.8645
4820, 15.95, 41.2340
4840, 17.4, 273.9432
4860, 14.6, 121.0685
4880, 15.95, 318.9224
4900, 15.0, 197.9940
4920, 15.6, 179.5018
4940, 13.5, 251.8853
4960, 15.1, 337.5903
4980, 13.1, 322.8241
5000, 12.15, 274.6390
5020, 16.4, 185.0424
5040, 10.45, 246.4411
5060, 17.3, 145.3558
5080, 12.45, 348.3807
5100, 16.4, 178.0211
5120, 15.5, 175.1855
5140, 13.8, 159.1177
5160, 10.05, 183.7398
5180, 13.2, 196.8104
5200, 18.45, 68.2792
5220, 16.65, 137.0480
5240, 10.95, 195.5277
5260, 15.55, 183.8971
5280, 17.65, 362.4383
5300, 14.55, 158.4033
5320, 13.35, 386.6061
5340, 14.9, 178.8768
5360, 12.85, 302.8080
5380, 14.4, 209.3077
5400, 14.2, 175.8605
5420, 12.95, 248.8503
5440, 11.85, 173.2296
5460, 15.2, 173.8497
5480, 18.45, 207.1795
5500, 15.35, 271.7825
5520, 14.5, 288.3964
5540, 15.8, 353.9164
5560, 13.4, 260.6216
5580, 14.5, 310.1550
5600, 11.7, 207.0059
5620, 13.85, 385.6494
5640, 12.3, 395.1326
5660, 13.5, 300.1214
5680, 16.2, 123.6906
5700, 14.05, 187.9836
5720, 15.45, 186.9196
5740, 12.65, 213.9335
5760, 11.5, 256.5944
5780, 11.9, 96.2128
5800, 16.35, 377.8423
5820, 14.55, 219.1127
5840, 16.55, 162.7117
5860, 15.9, 182.0522
5880, 15.85, 320.5310
5900, 15.45, 204.0166
5920, 15.6, 252.6260
5940, 17.25, 137.4302
5960, 16.05, 269.3701
5980, 16.45, 166.7916
6000, 16.5, 210.0262
6020, 18.45, 192.3870
6040, 14.55, 299.1788
6060, 11.85, 260.1404
6080, 13.25, 250.9185
6100, 14.85, 152.9340
6120, 15.5, 133.9507
6140, 14.55, 116.8210
6160, 16.9, 250.3189
6180, 17.3, 213.1442
6200, 15.85, 336.5221
6220, 16.7, 175.7759
6240, 14.6, 232.4460
6260, 14.35, 276.4127
6280, 13.25, 65.9456
6300, 15.0, 171.1103
6320, 15.7, 197.0547
6340, 16.65, 172.1846
6360, 14.3, 139.6761
6380, 15.4, 310.1127
6400, 15.75, 252.1844
6420, 16.65, 144.9824
6440, 14.9, 298.0863
6460, 18.25, 323.3318
6480, 14.15, 297.7084
6500, 14.95, 265.8667
6520, 14.6, 178.3138
6540, 15.05, 139.3027
6560, 15.3, 284.4955
6580, 11.8, 234.5141
6600, 17.65, 132.0805
6620, 15.35, 260.3404
6640, 14.45, 144.8237
6660, 15.95, 166.9899
6680, 13.8, 262.0038
6700, 16.3, 134.5158
6720, 16.0, 74.3103
6740, 13.25, 174.8210
6760, 13.55, 186.8221
6780, 12.8, 200.9158
6800, 13.95, 175.4841
6820, 14.35, 336.1169
6840, 14.7, 326.3551
6860, 13.15, 207.0844
6880, 16.4, 319.9852
6900, 12.15, 217.2841
6920, 12.0, 298.8431
6940, 16.45, 165.6292
6960, 16.35, 275.8116
6980, 12.85, 216.2241
7000, 13.2, 230.6220
7020, 19.75, 230.4563
7040, 12.8, 354.3061
7060, 16.0, 215.7929
7080, 14.8, 247.4879
7100, 14.65, 212.1435
7120, 17.25, 266.3722
7140, 15.55, 383.5695
7160, 18.65, 184.8887
7180, 15.75, 397.2240
7200, 13.55, 313.4197
7220, 14.4, 541.5250
7240, 14.75, 151.3001
7260, 17.25, 363.9138
7280, 13.65, 147.8325
7300, 15.75, 124.4416
7320, 20.4, 198.5180
7340, 17.45, 186.5250
7360, 19.9, 344.9598
7380, 12.45, 242.7447
7400, 12.7, 257.6127
7420, 13.45, 182.7367
7440, 16.7, 233.9071
7460, 17.65, 257.5736
7480, 16.4, 307.4288
7500, 15.35, 277.7523
7520, 19.0, 92.2745
7540, 16.25, 154.9329
7560, 14.7, 173.0514
7580, 17.75, 279.7408
7600, 16.55, 79.0201
7620, 18.0, 162.5377
7640, 16.55, 394.3012
7660, 17.1, 282.1048
7680, 18.9, 297.8784
7700, 16.95, 283.4935
7720, 18.15, 169.6824
7740, 18.05, 186.8823
7760, 19.65, 199.6757
7780, 13.95, 141.0553
7800, 13.05, 128.4816
7820, 16.4, 114.7310
7840, 15.25, 88.4379
7860, 16.5, 301.2512
7880, 13.0, 119.5317
7900, 14.25, 114.7367
7920, 13.3, 305.7151
7940, 13.85, 192.3201
7960, 16.8, 240.3678
7980, 16.0, 269.2802
8000, 17.5, 237.1009
8020, 14.2, 107.2368
8040, 14.3, 343.0859
8060, 13.55, 129.0997
8080, 13.7, 301.4073
8100, 13.35, 116.9265
8120, 15.1, 279.1808
8140, 14.1, 322.4763
8160, 14.0, 421.0269
8180, 13.75, 216.6066
8200, 15.65, 170.2951
8220, 15.5, 114.2991
8240, 15.85, 210.8313
8260, 16.4, 331.2425
8280, 13.75, 327.3182
8300, 16.5, 185.9066
8320, 18.0, 172.8407
8340, 16.1, 171.1502
8360, 14.35, 188.0822
8380, 18.15, 426.1844
8400, 18.1, 354.0476
8420, 15.7, 64.2348
8440, 14.9, 214.7578
8460, 18.3, 122.3146
8480, 17.15, 258.8536
8500, 16.65, 133.4475
8520, 16.75, 128.1439
8540, 13.9, 163.3220
8560, 17.35, 229.9252
8580, 17.45, 238.7659
8600, 15.65, 198.7363
8620, 13.75, 137.2643
8640, 14.9, 173.6023
8660, 15.6, 254.7256
8680, 15.65, 256.4420
8700, 15.15, 173.5860
8720, 17.2, 239.4559
8740, 13.9, 332.0879
8760, 17.0, 180.7680
8780, 14.8, 123.1585
8800, 16.25, 232.6262
8820, 14.35, 369.8950
8840, 17.9, 104.3760
8860, 13.65, 187.5760
8880, 16.95, 195.2105
8900, 16.5, 170.9615
8920, 17.3, 124.5184
8940, 15.35, 156.9879
8960, 15.75, 303.0146
8980, 19.35, 315.4989
9000, 13.05, 271.6405
9020, 15.5, 276.8981
9040, 16.75, 177.0893
9060, 17.8, 37.2005
9080, 13.85, 250.5879
9100, 14.05, 95.5128
9120, 17.6, 120.3522
9140, 14.7, 138.1208
9160, 12.05, 310.2738
9180, 13.15, 261.6387
9200, 16.45, 260.2984
9220, 17.2, 200.5338
9240, 15.15, 185.2324
9260, 16.65, 338.5313
9280, 15.4, 158.2575
9300, 19.3, 160.0424
9320, 15.55, 44.9804
9340, 14.1, 117.5486
9360, 15.3, 171.7619
9380, 13.85, 151.5586
9400, 16.15, 90.0188
9420, 12.9, 173.8043
9440, 15.6, 288.6724
9460, 13.9, 226.5971
9480, 17.5, 436.4490
9500, 14.75, 139.5553
9520, 13.8, 332.5568
9540, 16.6, 130.8469
9560, 13.95, 242.6310
9580, 15.95, 268.6679
9600, 15.25, 181.2632
9620, 13.25, 237.7688
9640, 16.1, 200.0678
9660, 17.35, 143.0350
9680, 13.0, 291.6039
9700, 15.05, 152.9112
9720, 16.8, 201.7555
9740, 16.25, 131.0731
9760, 14.9, 268.9485
9780, 14.8, 336.4070
9800, 16.4, 373.0094
9820, 15.8, 162.0289
9840, 16.1, 171.3546
9860, 14.8, 197.7834
9880, 13.4, 205.6680
9900, 13.55, 119.0335
9920, 14.65, 116.2719
9940, 17.1, 345.4750
9960, 14.25, 149.1607
9980, 17.95, 159.4359
10000, 16.8, 239.7968
10020, 15.1, 292.9008
10040, 13.9, 268.6522
10060, 18.8, 320.5680
10080, 17.05, 252.4629
10100, 16.0, 310.0749
10120, 20.15, 111.7086
10140, 14.55, 253.0216
10160, 14.95, 169.8679
10180, 13.75, 123.8282
10200, 16.2, 197.8599
10220, 16.55, 292.0578
10240, 16.45, 215.9906
10260, 17.05, 390.8931
10280, 16.65, 163.7191
10300, 18.45, 324.3741
10320, 16.75, 240.6283
10340, 16.55, 196.9865
10360, 15.65, 321.8965
10380, 13.25, 197.2208
10400, 14.55, 171.2008
10420, 11.85, 84.5070
10440, 13.5, 271.8222
10460, 16.2, 195.1243
10480, 16.0, 78.8821
10500, 16.35, 211.3741
10520, 14.0, 262.3699
10540, 14.6, 147.8578
10560, 16.15, 225.5426
10580, 13.9, 157.3653
10600, 15.05, 145.3453
10620, 17.95, 182.6326
10640, 16.4, 138.6548
10660, 15.85, 178.2012
10680, 15.05, 29.7262
10700, 13.95, 205.8980
10720, 17.75, 243.7859
10740, 15.8, 242.3628
10760, 14.75, 121.0369
10780, 16.35, 205.4401
10800, 15.15, 213.2493
10820, 15.05, 228.6374
10840, 18.5, 167.7428
10860, 15.6, 234.9276
10880, 16.85, 390.7378
10900, 17.9, 314.4211
10920, 16.35, 140.0387
10940, 18.65, 149.9366
10960, 17.5, 167.7128
10980, 18.6, 84.3123
11000, 14.5, 199.7021
11020, 15.1, 196.8103
11040, 16.55, 77.7825
11060, 16.6, 247.7459
11080, 14.75, 143.8466
11100, 18.85, 280.9797
11120, 16.05, 200.1251
11140, 15.35, 270.8029
11160, 16.85, 169.8494
11180, 16.1, 182.9114
11200, 18.35, 224.7666
11220, 12.2, 219.2846
11240, 15.65, 118.6113
11260, 15.15, 214.0466
11280, 13.95, 242.4865
11300, 15.6, 270.8877
11320, 12.9, 197.2946
11340, 16.3, 465.0617
11360, 14.8, 275.4709
11380, 13.25, 181.6486
11400, 14.8, 216.3071
11420, 11.1, 224.1785
11440, 16.55, 242.6789
11460, 18.0, 259.5435
11480, 15.2, 376.1964
11500, 15.55, 152.1312
11520, 16.45, 122.1830
11540, 15.9, 120.6386
11560, 13.65, 533.5266
11580, 16.25, 242.7079
11600, 15.0, 123.9380
11620, 14.95, 164.9035
11640, 14.6, 410.4894
11660, 15.0, 168.3650
11680, 15.9, 153.2074
11700, 11.95, 324.8455
11720, 15.4, 133.0577
11740, 14.55, 174.5826
11760, 15.8, 299.1807
11780, 13.65, 233.3023
11800, 15.9, 313.7769
11820, 16.3, 120.1411
11840, 14.55, 96.2138
11860, 17.7, 345.0601
11880, 15.1, 267.4048
11900, 13.5, 265.2862
11920, 19.25, 231.3459
11940, 17.4, 153.2883
11960, 18.05, 305.1776
11980, 16.5, 227.1217
12000, 16.05, 108.8662
12020, 15.45, 318.2924
12040, 17.65, 386.0477
12060, 15.8, 162.3776
12080, 16.4, 217.3872
12100, 15.95, 129.3734
12120, 18.0, 150.4427
12140, 19.05, 357.5391
12160, 15.95, 189.0925
12180, 19.3, 240.4077
12200, 19.4, 169.1955
12220, 18.35, 244.5752
12240, 19.05, 201.4100
12260, 15.15, 89.2253
12280, 15.95, 203.6219
12300, 17.25, 107.1193
12320, 14.05, 123.7024
12340, 17.0, 198.2708
12360, 15.75, 143.1005
12380, 17.2, 153.6873
12400, 15.6, 325.0050
12420, 17.6, 181.4732
12440, 13.65, 301.6247
12460, 17.05, 148.9866
12480, 15.6, 252.2292
12500, 16.2, 302.0826
12520, 15.85, 141.8813
12540, 14.95, 148.8724
12560, 13.1, 211.6889
12580, 17.2, 45.9667
12600, 16.15, 71.5472
12620, 17.65, 343.2423
12640, 17.95, 108.5553
12660, 14.6, 167.4381
12680, 15.2, 289.5450
12700, 15.15, 170.5993
12720, 14.95, 168.9333
12740, 15.35, 183.1405
12760, 15.4, 153.0979
12780, 17.15, 152.8542
12800, 18.4, 203.2209
12820, 17.25, 450.2783
12840, 19.1, 186.4996
12860, 17.45, 380.1480
12880, 15.35, 59.8228
12900, 15.6, 137.5762
12920, 17.85, 342.1248
12940, 15.65, 297.2772
12960, 16.3, 216.3783
12980, 18.25, 255.1428
13000, 19.2, 181.7542
13020, 16.75, 411.5334
13040, 18.35, 259.2204
13060, 17.3, 252.4532
13080, 15.25, 75.8630
13100, 15.05, 189.3678
13120, 18.65, 304.9725
13140, 13.9, 233.6926
13160, 18.6, 209.3025
13180, 15.55, 118.5315
13200, 14.5, 240.9743
13220, 18.7, 155.0656
13240, 16.45, 156.3385
13260, 16.85, 407.1435
13280, 16.05, 114.2286
13300, 13.8, 168.3750
13320, 14.4, 96.1951
13340, 16.0, 50.3241
13360, 15.7, 123.2328
13380, 17.1, 108.1167
13400, 16.35, 161.1787
13420, 16.85, 140.7743
13440, 14.5, 121.8873
13460, 17.85, 324.7792
13480, 13.95, 137.5788
13500, 13.75, 124.2300
13520, 16.25, 79.7518
13540, 17.6, 241.6095
13560, 17.3, 297.8609
13580, 13.05, 178.6937
13600, 14.6, 186.8508
13620, 13.95, 216.0193
13640, 18.0, 176.8156
13660, 15.25, 390.7258
13680, 16.5, 218.6148
13700, 16.65, 191.1619
13720, 16.4, 126.9519
13740, 16.0, 113.2033
13760, 15.25, 389.8247
13780, 19.0, 182.9973
13800, 12.7, 291.3378
13820, 15.65, 165.7848
13840, 16.1, 324.7687
13860, 15.05, 195.9217
13880, 14.05, 181.7023
13900, 13.95, 396.9246
13920, 15.95, 199.4488
13940, 14.35, 245.4419
13960, 14.15, 214.1434
13980, 18.5, 283.1773
14000, 16.9, 221.0020
14020, 18.0, 213.7387
14040, 17.9, 269.3886
14060, 16.15, 149.8726
14080, 15.2, 126.4877
14100, 13.25, 448.1207
14120, 15.4, 143.4534
14140, 16.05, 163.3557
14160, 14.2, 213.9001
14180, 17.8, 133.8480
14200, 18.95, 213.8016
14220, 16.45, 323.1926
14240, 15.15, 259.5109
14260, 15.3, 189.5105
14280, 13.6, 528.0812
14300, 15.6, 115.6577
14320, 14.7, 211.9407
14340, 18.85, 150.8163
14360, 16.95, 303.1996
14380, 16.25, 157.4805
14400, 17.1, 220.0629
14420, 15.75, 274.8522
14440, 15.5, 369.8279
14460, 16.9, 178.6552
14480, 17.25, 207.8210
14500, 15.4, 149.1752
14520, 18.9, 231.9320
20, 3.55, 1350.9358
20, 2.95, 1005.1943
40, 3.4, 872.2665
60, 3.75, 791.3697
80, 4.0, 670.3049
100, 3.75, 607.2433
120, 3.4, 390.2947
140, 3.25, 432.4836
160, 3.65, 413.4422
180, 4.7, 392.1103
200, 3.4, 374.5932
220, 4.15, 521.0038
240, 4.6, 468.8425
260, 4.2, 362.5699
280, 3.2, 474.1842
300, 3.6, 544.0583
320, 3.2, 317.1302
340, 3.55, 403.9131
360, 3.6, 361.5991
380, 3.95, 353.5876
400, 4.3, 333.7863
420, 4.05, 372.2108
440, 3.35, 365.4040
460, 3.95, 267.6000
480, 4.3, 249.6949
500, 3.7, 250.2383
520, 4.25, 403.1414
540, 4.9, 242.6833
560, 5.3, 352.0532
580, 3.9, 296.9725
600, 4.7, 362.4153
620, 4.1, 255.3038
640, 4.75, 246.5144
660, 4.8, 243.2132
680, 4.65, 335.2593
700, 5.4, 324.1088
720, 3.75, 331.2141
740, 4.55, 226.8846
760, 5.2, 356.7028
780, 4.15, 312.4821
800, 5.4, 245.9124
820, 4.85, 278.7654
840, 5.35, 300.8560
860, 4.0, 209.7785
880, 5.0, 312.0422
900, 4.8, 193.2224
920, 6.5, 228.0364
940, 4.65, 248.4027
960, 4.3, 258.2398
980, 6.1, 277.0720
1000, 5.75, 254.0509
1020, 5.5, 239.9506
1040, 4.85, 172.2515
1060, 6.75, 206.6106
1080, 5.7, 138.5997
1100, 4.7, 172.8721
1120, 7.25, 237.9799
1140, 6.1, 208.1742
1160, 5.8, 213.2490
1180, 5.2, 228.1087
1200, 9.45, 240.6627
1220, 6.25, 244.1364
1240, 6.2, 153.9163
1260, 6.8, 214.5523
1280, 6.3, 236.8496
1300, 7.45, 273.3051
1320, 7.9, 171.8861
1340, 8.05, 223.6891
1360, 7.45, 290.3601
1380, 8.1, 194.6886
1400, 6.4, 192.0998
1420, 7.5, 146.4889
1440, 8.85, 180.7721
1460, 7.6, 132.0020
1480, 5.55, 158.9253
1500, 7.05, 155.6958
1520, 8.5, 220.6157
1540, 6.75, 255.3177
1560, 8.9, 204.5847
1580, 7.35, 200.5479
1600, 8.85, 197.8547
1620, 6.25, 204.5289
1640, 8.8, 239.3014
1660, 8.65, 203.2980
1680, 10.75, 187.1871
1700, 7.35, 270.3040
1720, 9.45, 218.6779
1740, 9.25, 161.1390
1760, 7.45, 189.6172
1780, 9.2, 183.9211
1800, 8.9, 191.6976
1820, 11.85, 201.5255
1840, 10.5, 227.2781
1860, 8.25, 205.5741
1880, 9.5, 240.7694
1900, 12.45, 215.2463
1920, 10.85, 310.4545
1940, 8.85, 172.3074
1960, 9.35, 175.0859
1980, 7.3, 280.9112
2000, 10.6, 240.3220
2020, 11.5, 198.8191
2040, 12.5, 261.0083
2060, 11.8, 148.7724
2080, 8.55, 166.2180
2100, 10.4, 202.3264
2120, 11.95, 218.1411
2140, 10.95, 223.4926
2160, 12.35, 269.9617
2180, 9.95, 183.3115
2200, 13.55, 200.8065
2220, 10.7, 176.4099
2240, 11.85, 181.1303
2260, 11.45, 238.3319
2280, 16.1, 232.5317
2300, 11.75, 189.7669
2320, 11.8, 322.3320
2340, 10.6, 261.9871
2360, 12.45, 154.7357
2380, 12.7, 241.3064
2400, 14.25, 227.3650
2420, 11.85, 138.9213
2440, 12.2, 118.4367
2460, 14.6, 191.4436
2480, 11.9, 252.5139
2500, 13.6, 215.6804
2520, 12.3, 210.2615
2540, 11.0, 406.4051
2560, 13.2, 383.6918
2580, 9.65, 186.3078
2600, 12.6, 169.8430
2620, 15.0, 290.0701
2640, 13.95, 252.4996
2660, 15.9, 209.1597
2680, 12.4, 278.8803
2700, 12.7, 205.4411
2720, 13.5, 218.1303
2740, 12.6, 241.4964
2760, 16.5, 106.5428
2780, 13.3, 186.3665
2800, 13.6, 175.8634
2820, 14.45, 159.5990
2840, 14.25, 116.3479
2860, 16.25, 177.6751
2880, 15.45, 112.2811
2900, 16.55, 213.7367
2920, 12.75, 190.1670
2940, 11.5, 180.2799
2960, 15.55, 203.0073
2980, 17.15, 193.2665
3000, 17.6, 328.0302
3020, 16.75, 232.7730
3040, 15.5, 218.6871
3060, 19.05, 237.8687
3080, 15.65, 196.4657
3100, 17.9, 343.0187
3120, 14.05, 204.5992
3140, 13.65, 177.6867
3160, 18.05, 231.1452
3180, 17.45, 293.0909
3200, 14.0, 126.8748
3220, 16.0, 194.3566
3240, 14.95, 134.8947
3260, 16.95, 165.4127
3280, 14.85, 224.5687
3300, 16.2, 146.6495
3320, 13.25, 149.3849
3340, 14.45, 224.0753
3360, 19.05, 197.4090
3380, 16.45, 310.8445
3400, 16.3, 238.5711
3420, 14.9, 157.2154
3440, 14.45, 134.2297
3460, 13.2, 238.4682
3480, 16.95, 87.6648
3500, 17.7, 211.7049
3520, 14.6, 238.9905
3540, 13.85, 424.8501
3560, 16.0, 114.8677
3580, 15.1, 235.6828
3600, 15.8, 100.0951
3620, 18.9, 245.7935
3640, 17.4, 344.2296
3660, 12.65, 117.9110
3680, 16.9, 180.6289
3700, 13.65, 135.9271
3720, 15.45, 221.6925
3740, 13.8, 92.4941
3760, 15.35, 148.7538
3780, 14.85, 122.4534
3800, 15.85, 103.6812
3820, 13.9, 84.4843
3840, 14.35, 106.3283
3860, 16.0, 125.1707
3880, 13.3, 328.1258
3900, 16.05, 262.9671
3920, 18.6, 265.1658
3940, 16.25, 275.3948
3960, 19.4, 149.9317
3980, 18.9, 144.5092
4000, 12.95, 316.0328
4020, 14.05, 226.2229
4040, 12.9, 161.8238
4060, 15.85, 329.2221
4080, 14.9, 149.9444
4100, 13.55, 150.4955
4120, 15.15, 216.1238
4140, 14.8, 165.4105
4160, 16.3, 255.6040
4180, 18.2, 168.6165
4200, 17.2, 205.2919
4220, 17.3, 178.6229
4240, 13.95, 107.3204
4260, 16.25, 213.2879
4280, 15.5, 175.2798
4300, 15.4, 280.2229
4320, 14.35, 211.7091
4340, 18.2, 107.3310
4360, 17.15, 221.4377
4380, 18.45, 153.7643
4400, 15.85, 205.7176
4420, 14.55, 165.0882
4440, 16.4, 333.3763
4460, 14.9, 204.4756
4480, 16.1, 206.4663
4500, 14.2, 139.6647
4520, 18.35, 204.6612
4540, 16.75, 136.6433
4560, 14.85, 194.7367
4580, 16.8, 181.3771
4600, 19.05, 124.6279
4620, 13.45, 230.2399
4640, 12.35, 124.7197
4660, 13.4, 115.8928
4680, 15.05, 195.9315
4700, 16.55, 238.9241
4720, 15.85, 121.6322
4740, 16.8, 229.3450
4760, 19.0, 122.7244
4780, 15.15, 147.8863
4800, 15.6, 126.3428
4820, 17.25, 229.8805
4840, 17.25, 86.9188
4860, 16.9, 129.1920
4880, 16.6, 239.4247
4900, 18.4, 216.9932
4920, 15.55, 194.0056
4940, 17.75, 237.9710
4960, 17.45, 97.5592
4980, 17.0, 174.7064
5000, 17.8, 84.6483
5020, 13.6, 218.2958
5040, 15.05, 273.6181
5060, 15.45, 173.9898
5080, 14.05, 128.2442
5100, 18.7, 239.3914
5120, 13.55, 332.7838
5140, 16.0, 89.3467
5160, 16.45, 229.2593
5180, 18.1, 151.6704
5200, 16.1, 225.4490
5220, 13.7, 236.6668
5240, 16.5, 166.5183
5260, 13.0, 205.5523
5280, 14.15, 269.9869
5300, 21.1, 220.1743
5320, 17.8, 215.7990
5340, 14.5, 120.0542
5360, 16.8, 103.4201
5380, 17.45, 217.1779
5400, 12.8, 195.0566
5420, 17.45, 257.6731
5440, 16.05, 288.6900
5460, 16.3, 156.8230
5480, 17.25, 298.8241
5500, 19.45, 107.1476
5520, 17.0, 160.3022
5540, 15.3, 301.1442
5560, 17.05, 199.7840
5580, 14.2, 195.8988
5600, 16.6, 252.7891
5620, 17.05, 194.0420
5640, 15.05, 380.2751
5660, 16.9, 205.9420
5680, 16.9, 165.9458
5700, 15.55, 296.2707
5720, 12.55, 172.4199
5740, 18.9, 85.3450
5760, 14.5, 115.8862
5780, 16.6, 59.1026
5800, 17.6, 73.4784
5820, 17.3, 186.2077
5840, 16.75, 173.2902
5860, 14.55, 161.7730
5880, 16.65, 119.4632
5900, 15.8, 125.0674
5920, 16.55, 188.1927
5940, 13.95, 344.8924
5960, 19.0, 197.1254
5980, 13.05, 182.0942
6000, 16.25, 262.4885
6020, 13.65, 203.9193
6040, 16.7, 68.7944
6060, 15.25, 301.9146
6080, 16.15, 203.5013
6100, 15.6, 182.5473
6120, 17.75, 443.9890
6140, 15.25, 208.5859
6160, 13.8, 212.5089
6180, 19.8, 129.0546
6200, 17.7, 223.6076
6220, 14.1, 282.4669
6240, 13.8, 208.6955
6260, 15.05, 206.5949
6280, 14.2, 259.1540
6300, 15.25, 284.0551
6320, 12.75, 195.7144
6340, 15.9, 150.7066
6360, 16.4, 250.6230
6380, 19.7, 108.5725
6400, 16.45, 147.4696
6420, 14.65, 220.8722
6440, 17.25, 189.3780
6460, 13.65, 187.3588
6480, 17.75, 283.1965
6500, 16.7, 309.4710
6520, 16.65, 271.8991
6540, 19.1, 40.9672
6560, 18.2, 162.3855
6580, 17.3, 340.7020
6600, 16.05, 372.8576
6620, 19.15, 241.2446
6640, 22.65, 276.5495
6660, 18.75, 152.4045
6680, 15.25, 277.5558
6700, 16.8, 144.8017
6720, 15.3, 284.5798
6740, 15.6, 242.0269
6760, 16.45, 105.1993
6780, 15.45, 288.3010
6800, 16.8, 85.3087
6820, 16.4, 225.2661
6840, 17.05, 187.5922
6860, 19.2, 114.9110
6880, 17.9, 243.7675
6900, 17.35, 248.1592
6920, 17.9, 406.4636
6940, 14.5, 128.9426
6960, 19.0, 204.4857
6980, 13.55, 310.6208
7000, 16.65, 185.9327
7020, 20.3, 231.8706
7040, 16.15, 168.7456
7060, 13.65, 190.1733
7080, 17.45, 92.9330
7100, 15.05, 258.1407
7120, 16.3, 198.7763
7140, 16.5, 161.2270
7160, 17.4, 179.7924
20, 3.65, 1447.4817
20, 3.8, 2408.3188
40, 3.95, 1942.3864
60, 3.65, 1475.5822
80, 3.55, 1318.9009
100, 3.6, 1452.2957
120, 3.9, 2017.4592
140, 3.75, 1688.5388
160, 3.25, 2029.3779
180, 3.35, 1539.0239
200, 4.5, 1697.4248
220, 3.65, 1459.0792
240, 3.6, 1328.8824
260, 3.9, 1092.7615
280, 3.5, 1371.9791
300, 4.9, 1318.7074
320, 4.05, 1197.5291
340, 4.1, 1233.8291
360, 3.6, 1306.1178
380, 4.05, 1244.5356
400, 3.8, 1090.4983
420, 3.7, 1190.3425
440, 4.3, 1382.2405
460, 4.5, 1079.0864
480, 4.15, 1189.9890
500, 4.3, 1561.4865
520, 3.15, 1114.5034
540, 4.4, 1443.1279
560, 4.75, 1493.2627
580, 4.35, 1444.0734
600, 3.45, 1359.6383
620, 3.55, 983.9305
640, 4.4, 1335.3655
660, 4.65, 1292.4536
680, 3.65, 1553.4623
700, 3.8, 1269.2451
720, 3.75, 1062.1831
740, 4.45, 1211.3617
760, 4.35, 1225.2949
780, 4.85, 1272.1934
800, 3.35, 1018.3279
820, 4.35, 1244.9647
840, 4.05, 1043.1140
860, 4.05, 1217.9169
880, 4.55, 985.7768
900, 3.85, 1258.5703
920, 4.3, 1197.7512
940, 3.7, 1038.8873
960, 4.4, 1203.0535
980, 5.0, 1239.2733
1000, 3.95, 1215.1890
1020, 4.05, 919.9635
1040, 4.4, 1097.5305
1060, 6.5, 962.8589
1080, 4.25, 1238.3685
1100, 4.0, 928.6412
1120, 3.9, 1201.9767
1140, 3.9, 1380.4858
1160, 3.7, 945.1482
1180, 4.9, 1209.2533
1200, 4.4, 1004.7761
1220, 4.1, 1439.3583
1240, 4.6, 904.9999
1260, 4.45, 1001.6196
1280, 4.85, 1132.9977
1300, 4.8, 1168.6780
1320, 4.35, 1113.4490
1340, 4.5, 1038.1055
1360, 4.7, 1210.3352
1380, 4.7, 1070.0735
1400, 5.1, 1183.1187
1420, 4.85, 1131.4542
1440, 4.65, 1183.6128
1460, 4.6, 1047.3687
1480, 4.7, 1322.3901
1500, 4.05, 976.6603
1520, 5.25, 1334.2351
1540, 4.55, 1016.9180
1560, 4.7, 915.2408
1580, 5.65, 959.6847
1600, 4.2, 1122.0920
1620, 5.15, 1276.5317
1640, 3.45, 949.1754
1660, 4.5, 1221.2416
1680, 5.65, 1288.9998
1700, 4.55, 1117.4388
1720, 3.85, 1450.9558
1740, 6.05, 903.5363
1760, 6.85, 1033.2473
1780, 4.6, 1062.8760
1800, 5.25, 896.0305
1820, 4.45, 1071.6813
1840, 3.9, 980.5501
1860, 3.55, 1363.4873
1880, 4.5, 848.3319
1900, 4.35, 1568.0441
1920, 4.25, 1182.3933
1940, 4.4, 1029.7147
1960, 4.75, 1093.9067
1980, 6.0, 1036.8701
2000, 5.0, 1509.3906
2020, 5.05, 947.4624
2040, 3.9, 1113.5381
2060, 6.05, 997.6144
2080, 5.05, 938.6415
2100, 4.7, 961.2531
2120, 6.8, 1050.0522
2140, 5.4, 1108.5763
2160, 6.25, 1026.5424
2180, 5.6, 1254.8247
2200, 4.4, 1311.5845
2220, 4.05, 957.2494
2240, 5.95, 1328.0166
2260, 4.25, 976.0983
2280, 5.9, 1287.9065
2300, 4.05, 1199.8052
2320, 4.25, 1208.8003
2340, 5.4, 1113.6593
2360, 7.6, 978.9924
2380, 4.55, 1112.0756
2400, 3.8, 1060.6918
2420, 5.45, 753.3827
2440, 8.15, 1216.5868
2460, 5.35, 1043.9712
2480, 6.05, 967.2029
2500, 5.7, 975.7784
2520, 4.25, 1138.5403
2540, 6.2, 1077.0453
2560, 3.75, 1046.9498
2580, 5.3, 942.5657
2600, 4.75, 1083.2366
2620, 5.3, 932.9390
2640, 5.05, 900.1554
2660, 7.95, 1349.5599
2680, 4.75, 1146.8585
2700, 4.25, 907.1439
2720, 8.0, 970.8203
2740, 5.95, 997.4221
2760, 4.35, 1097.4434
2780, 5.35, 1082.3940
2800, 4.65, 910.7218
2820, 6.3, 897.2244
2840, 4.55, 1034.7148
2860, 6.4, 797.3757
2880, 3.65, 1018.4455
2900, 4.15, 856.5368
2920, 7.3, 1073.6775
2940, 7.15, 720.2288
2960, 7.7, 1146.9370
2980, 7.35, 609.7551
3000, 3.75, 796.1289
3020, 3.6, 1049.7546
3040, 4.55, 1082.9034
3060, 6.3, 774.5728
3080, 4.7, 895.5792
3100, 4.75, 765.7562
3120, 4.75, 975.0048
3140, 6.85, 810.1981
3160, 5.7, 1047.7391
3180, 6.25, 874.9700
3200, 7.4, 662.2836
3220, 5.8, 1055.9548
3240, 5.3, 1174.9331
3260, 8.9, 723.5169
3280, 5.15, 983.7438
3300, 6.65, 862.0616
3320, 4.4, 817.4188
3340, 6.95, 678.0517
3360, 3.3, 973.3114
3380, 5.7, 747.8166
3400, 4.05, 998.0885
3420, 3.6, 777.8573
3440, 4.2, 1263.1930
3460, 4.85, 730.8972
3480, 5.35, 753.9551
3500, 4.85, 721.1375
3520, 7.25, 717.3136
3540, 6.0, 937.7700
3560, 4.35, 931.5395
3580, 5.05, 1004.5176
3600, 7.8, 897.2164
3620, 6.2, 943.5675
3640, 5.15, 913.9667
3660, 3.9, 829.7305
3680, 7.9, 957.2858
3700, 6.3, 776.3743
3720, 5.4, 1085.2382
3740, 7.25, 874.7246
3760, 7.45, 655.9823
3780, 6.45, 983.4573
3800, 6.45, 848.0809
3820, 5.6, 917.1616
3840, 5.1, 898.5343
3860, 4.05, 692.2129
3880, 6.0, 623.4239
3900, 3.85, 735.5495
3920, 4.8, 846.5728
3940, 5.6, 793.9677
3960, 5.5, 846.3862
3980, 5.3, 770.7686
4000, 6.45, 854.3248
4020, 6.15, 779.1184
4040, 5.3, 769.5229
4060, 6.45, 998.6746
4080, 8.0, 820.3237
4100, 5.5, 806.9391
4120, 4.65, 697.2344
4140, 4.05, 732.4873
4160, 9.15, 791.7388
4180, 6.0, 823.2955
4200, 7.45, 789.3539
4220, 5.3, 645.2574
4240, 4.3, 731.6542
4260, 5.9, 785.1835
4280, 3.85, 658.3966
4300, 6.7, 897.8757
4320, 4.6, 1049.6877
4340, 6.05, 835.6875
4360, 4.15, 756.6083
20, 3.45, 1710.9785
40, 3.6, 2021.0615
60, 4.0, 1795.8960
80, 3.7, 1551.9827
100, 3.85, 1237.8436
120, 3.75, 1239.8436
140, 3.25, 1590.1354
160, 4.05, 1785.5188
180, 3.65, 1380.5490
200, 4.3, 1030.7771
220, 3.25, 1391.9794
240, 3.75, 1289.7520
260, 4.35, 1059.4159
280, 4.0, 938.4243
300, 3.85, 1849.6359
320, 3.5, 1453.3715
340, 3.8, 1463.8167
360, 3.65, 845.9678
